8.779483577647762e-06
9.27179106798315e-06
1.1076918532546243e-05
8.287176087312382e-06
1.5425634697175522e-05
1.6164095932678586e-05
1.8953838377912452e-05
2.2810247052206336e-05
2.084101709086477e-05
2.5353835752272515e-05
3.0851269394351065e-05
2.888203943300946e-05
2.9866654413680196e-05
3.585639554609409e-05
3.4461524323477255e-05
3.626665178804028e-05
6.268715376937282e-05
5.530254141434196e-05
8.910765575070538e-05
5.144613274004816e-05
5.111792774649109e-05
6.162048754031271e-05
5.4482028930449844e-05
6.432817873715732e-05
6.678971618883437e-05
7.138458609863129e-05
8.410252959896204e-05
8.787688702486686e-05
0.00010715893039633644
0.00012980507495176358
0.0001244717438064636
9.222560318949621e-05
0.00011117944156740882
0.00011651277271270827
0.00011068713407707334
0.000117251233948212
0.00016812300794953502
0.00014990763080712579
0.0001668922392236965
0.00021218452833455213
0.00016049224184933665
0.00018691274383066946
0.0001900306912694598
0.00017148710913349394
0.00014957942581356952
0.00019298453621147197
0.00020947683713770787
0.0002684716847295647
0.0002628101485907072
0.00023302554542541792
0.00024557938642896934
0.00024697425765158736
0.000231384520457633
0.0002226050368799845
0.00024131272151273336
0.00023786656908038328
0.0002861947543816398
0.00028521013940096954
0.0002845537294138542
0.00024894348761292926
0.00038416394495838224
0.000304410131524048
0.00031458448632431244
0.0003264819173407499
0.00037956907504858444
0.0003285331985504833
0.0003889229173649561
0.00026601014727788694
0.00031310756385330847
0.0003083485914467318
0.00029111782928499254
0.0003117947438790819
0.0003059691052434421
0.00032131268869222963
0.00034494344822832426
0.00035052293311879645
0.0004679382695637835
0.0004658049371056683
0.00046531262961533595
0.00044233828006634557
0.0004715485244929096
0.0004729433957155277
0.0004669536545831215
0.0004264203378788356
0.0003725947189355011
0.0003962254784715985
0.00040155880961690037
0.00039704599095549133
0.0005869125797281688
0.0005353843957397353
0.0005301331158428263
0.0004710562170025773
0.0005509741329336904
0.0011044098033190619
0.0013331686838282315
0.000581743351079661
0.0005636100251856291
0.0006058664181060825
0.0004190357255238031
0.0004641639121378882
0.0004537434035924492
0.00047958954683506306
0.0005604920777468436
0.0005224202984942361
0.0006674869056463972
0.0005261946559201424
0.0005040408188550505
0.0004965741552516334
0.0005365331132171803
0.0006258048714646691
0.0005173331210941101
0.0005256202971814228
0.0009166765470044857
0.0006259689739614493
0.0005304613208363784
0.0005699279713116013
0.0005722254062665022
0.0005544202853660363
0.0005325946532944992
0.0007866253183075655
0.0006424612748876845
0.0007362458517965742
0.0005805946336021994
0.0006165330803966807
0.0006005330869607806
0.0006253946152227241
0.0007207381658510148
0.0011089226219804572
0.0010057021515068043
0.0008127996665437231
0.0006883279227372585
0.0007361638005481785
0.0006997330462633511
0.0006397535836908053
0.0008749945128227576
0.0012420097468678003
0.0009629534510960158
0.0007455996941129305
0.0007766150660040716
0.0007544612289389962
0.0007641432762489075
0.0009581944786894337
0.0007674253261844676
0.0008935380949587235
0.0008165740239696295
0.0008778663065163838
0.001098748267180194
0.0008100919753468605
0.0008999380923331079
0.001154296962339707
0.0009069124484461733
0.0008787688702486584
0.0008444714484219685
0.0009555688387409944
0.0009374355128469736
0.0012395482094161192
0.0009368611541082483
0.0010997328821608643
0.0009993842053808376
0.001092512372302623
0.0013963481450879334
0.0012676917876136228
0.0014096404473270096
0.0015779275577733176
0.0010402457270786813
0.001022440606178221
0.0010402457270786813
0.0010784816088280746
0.0015201634789072881
0.0010211277862039792
0.0010298252185332313
0.0010243277848911547
0.0012201020635478788
0.0011959789965214408
0.0011770251581435076
0.0011135995431386324
0.0013650045682032652
0.001144779017526576
0.0012465225655292178
0.0011841636167533975
0.001756471074268262
0.0013130661279728395
0.001383794304084396
0.0013524507271997165
0.001368696874380726
0.001969722268831875
0.0020287171164237393
0.0013748507180099344
0.0013613943132741336
0.0019021120401591762
0.0020881222202575158
0.001246030258038866
0.0016165736957646447
0.0014232609545595798
0.001365578926941957
0.0014811891359223894
0.001366973798164617
0.0018066864382824787
0.0019145838299143402
0.0014920199007098177
0.0015789942240024058
0.0016589121399334995
0.0014630558100283465
0.001552081414530715
0.0021789529522244335
0.001995322258329368
0.0014020096812268346
0.0016182147207324028
0.002111424774800108
0.0024443066895151857
0.001489804517003268
0.0022825016276916132
0.002278399065272163
0.0021397324554943476
0.0015923685774898555
0.001599096779857745
0.0021633632150305005
0.0020108299442749057
0.0016196095919550403
0.0023181118694925785
0.001952491506670162
0.0019352607445084046
0.002586255349228561
0.002655834807862645
0.002928162901266518
0.0026126758512099225
0.0024941117972874906
0.0018350761702251583
0.00201567096792985
0.0023324708379606875
0.0018655992346259254
0.0026677322388790614
0.00190801973004322
0.002290870855027416
0.0030915269368094744
0.0023117939233666452
0.0031585628067435146
0.003452224224728617
0.002899855220572256
0.004106582930632596
0.005178910695831496
0.013176117671336352
0.012260918046802826
0.006228510265226505
0.00377386511841431
0.004118234207903892
0.005208285042754834
0.006051853927444517
0.004135629072562441
0.003095137191738617
0.0036878754101023594
0.003476265240506571
0.004169598289395582
0.0023405939115512366
0.0027966347500985476
0.0023078554634438754
0.0023033426447825354
0.002295793929930712
0.003665147214298603
0.003982029135577747
0.0035844908371319927
0.003278931988130518
0.0026934963308732573
0.0036804907977474157
0.004687095512986428
0.007661863523338086
0.00619897181580642
0.00409813165204862
0.010296282955371128
0.005277536296395447
0.0038702753352716003
0.0055553618234412735
0.0036584190119306028
0.0037753420408852545
0.00270186555820886
0.004812798025518816
0.004310480282879947
0.0037432600027651475
0.004149085477298175
0.003022357734417369
0.004224244420822832
0.005783710447708756
0.004490090465603824
0.003991382977894009
0.005110644057171765
0.004519957120017537
0.0041014137019843135
0.004319587971451178
0.0037244702668839834
0.009825390840865377
0.03641450813763773
0.02245324207046471
0.00888787327676983
0.03226140214916828
0.013599748266769929
0.01920097673806085
0.010777841732167559
0.008507319586740536
0.023336195554381333
0.021307396386708977
0.015391009070355111
0.01540159368139742
0.008241309439462708
0.006365043542546278
0.004560408385473469
0.005134356867956135
0.005385515739275615
0.005850500163897277
0.0034815985716519114
0.005455915710393722
0.005945351407035471
0.0057101104779032855
0.00462408015422362
0.00450584430529446
0.004801064696999013
0.005591054116490568
0.007123197077662624
0.004549987876927908
0.005483074673610489
0.004310972590370099
0.006111012877533284
0.00558736181031314
0.006299074338841137
0.005925002697435034
0.004209229042367468
0.0038347471447192304
0.0036228087701296375
0.004119382925381387
0.003934521462760543
0.004028634244662754
0.004006562458846475
0.004283813627153421
0.004388839225091701
0.003876429178900942
0.00596299242543914
0.005356797802339308
0.0049027261937531815
0.005246685027000808
0.005713474579087219
0.004312203359095967
0.005074951764122382
0.004203813659973932
0.0041526957322277624
0.004185680334079933
0.004527341732372392
0.004940469768012434
0.004734685237052005
0.005716838680271508
0.007778786552292516
0.007201884224868315
0.006783833114324978
0.00560451052122648
0.005209105555239013
0.0077543352802726066
0.004967054372490232
0.0101224984112827
0.01103031342346128
0.008448817046639157
0.009994334361298485
0.008784078447557419
0.01228463085758733
0.007898335221196007
0.00946904226911105
0.008639586199144133
0.01292963572117518
0.013370579130018712
0.024070061919974607
0.008513063174127745
0.013543297007877975
0.01006744202361336
0.010080734325852525
0.007817022434042187
0.007085207349658518
0.006658212653040785
0.005868715541039826
0.007980468520833384
0.022546616391131737
0.01087170836032474
0.01745746976103817
0.009414560240180591
0.015099070728586383
0.013091522834247016
0.014942927202901935
0.014433799206646647
0.011196959508939841
0.014267399274913472
0.01719564422742792
0.020006145638504513
0.01248639487737666
0.030439454178685387
0.0155866192465151
0.009548878133793792
0.009898088246938209
0.008106171033365684
0.013098661292857194
0.010276180399515588
0.005658254088921666
0.007095709909452097
0.00875765794557637
0.008676099004677163
0.00701784327473085
0.005954869351848302
0.006143505171895214
0.00659839729296543
0.006464079399351874
0.0077614737388826075
0.00798867364567286
0.01657041371470136
0.015441060331873046
0.015494147489580357
0.02212191912946899
0.014714250373640426
0.009170375724974278
0.017960197759919083
0.015164629676049302
0.0239405029987676
0.012849799856492084
0.008397945272637842
0.006803197208944667
0.006436838384886912
0.008381042715469179
0.011035564703358248
0.009292960290067497
0.008753391280659528
0.007549207159299698
0.008247709436836814
0.007885042918956841
0.008242786361933697
0.008004099280369558
0.012965738270466076
0.013209102273188833
0.010871134001585857
0.012404179526489756
0.01314920486186466
0.01289484599185826
0.008463504220101115
0.008800570748484305
0.008289145317273493
0.008271586350118553
0.009604508880201123
0.009849021600401287
0.008348960677349382
0.00857419135417814
0.010958108324879135
0.012231707802376235
0.012048323262226646
0.014505019690248488
0.013373697077457081
0.009442211510887689
0.008487134979636579
0.008506088818015201
0.008143832556376296
0.009033596293908985
0.008694478484316193
0.010504282870037329
0.009310191052229655
0.008991175798491468
0.008789657932448947
0.00936902179732435
0.008751750255691703
0.008486970877139654
0.007594827653403513
0.008698088739245335
0.007292961110580265
0.008385965790373007
0.00915938085769028
0.008165822290944647
0.009830888274507643
0.009754580613505582
0.009323483354468465
0.008190519716710299
0.008422560647154497
0.009288037215163669
0.008242458156940202
0.0071615970619092195
0.007428837977912295
0.007528612295953962
0.00730502264409374
0.00816327870224498
0.007065515050044979
0.007245289335266136
0.007467155910909895
0.007292961110579555
0.007387894404966388
0.007609350724369435
0.007553063567973695
0.007480858469391549
0.007854848059549368
0.007369186720333332
0.007457720017345437
0.007683443001664259
0.007562417410290223
0.007886519841427742
0.007803976285547876
0.009106868058720607
0.008275114553799057
0.008209801760081703
0.012920035725113266
0.01047006749945929
0.012660261472713685
0.008208735093852582
0.007940509562867959
0.007882991637746528
0.00807056079156503
0.00800065312793805
0.008299237620825295
0.008487217030885574
0.009262847481908665
0.011913102804880182
0.010675277671681017
0.012987645953785787
0.016775952091916936
0.013358107340264169
0.012591174321569554
0.01098288780189236
0.011424897876964834
0.011914907932345287
0.00929525772502302
0.009094560371462635
0.009413329471454545
0.009303791054854571
0.010322293201110356
0.009909821575458722
0.00939445768432492
0.010721636627021169
0.012263707789247746
0.011192692844023711
0.011904897680042126
0.013853943034279937
0.01049648800144105
0.012162948856225597
0.01741217747192749
0.013836548169621566
0.013857717391706003
0.02315945716535097
0.025354574213508486
0.01870259745534497
0.0222888934199414
0.020701201763609234
0.022501980512008045
0.016026988296620102
0.016045695981252807
0.015887255020613722
0.019914494394053506
0.01857394109787016
0.016680116233798614
0.01206497966564939
0.01217230269854248
0.011998189949460425
0.0109006724510067
0.02227953957762523
0.023586287759471247
0.02060216590680497
0.022058165309470468
0.026494101951136172
0.026518963479399103
0.015082086120168725
0.011204426172543691
0.012993143387427608
0.014207091607347167
0.01773217734064474
0.01586403451731826
0.023533118550516006
0.023892420967212048
0.012965163911727728
0.01319384074098764
0.010477370060566926
0.010569021305017402
0.010578785403574643
0.012496569232176569
0.010869328874121464
0.010562539256394388
0.01091404680449486
0.010512652097374087
0.011219769755992103
0.010197657354808598
0.010334847042113893
0.011204344121295406
0.013121963847400053
0.015053122029488008
0.014861778518245217
0.01383983021955686
0.014566147870297641
0.013621327745096324
0.011529841423654829
0.011709779811372556
0.015722906370089617
0.020524627477076507
0.012038148907424783
0.012528815372794355
0.012186087308271708
0.011869369489490111
0.014062353205189027
0.011761964405347668
0.011530826038635667
0.011422436339513809
0.011702395199016991
0.01188742076413618
0.012325328276788384
0.011552979875700942
0.011927789978342674
0.012471789755164765
0.012260097534318249
0.013268343274525307
0.013025307476796399
0.013419317571560896
0.014348794113315222
0.013773286657112749
0.01242641541480296
0.012340261603996084
0.01240065132281103
0.01875921281673243
0.023353426316542424
0.019463458681659062
0.01970879191434207
0.020754453023813114
0.021572914226495498
0.020149489169440215
0.02062046333519447
0.017243480105238972
0.017527213322168934
0.015601224368729304
0.014282906960857388
0.01289082548068592
0.013137635635842315
0.0138954609659649
0.01778469013961299
0.014292178751927054
0.02061242231285263
0.015771234555390378
0.01444709150888599
0.014596752985948314
0.014589450424841032
0.01415835316580356
0.014895501581332838
0.013533450858071205
0.014051604491650238
0.0148534913421571
0.013843276371989788
0.01467018885325544
0.016684793154956877
0.015793798648697788
0.016546290647676896
0.017285736498159565
0.021500298871673353
0.015767131992970463
0.013943460946272523
0.013952486583595913
0.01392237377543637
0.013746948206379983
0.01455621966924312
0.027717486064621256
0.01989291491572729
0.01914961265656956
0.019907930294182564
0.014510845328882738
0.014357819750638611
0.013920322494225701
0.014369388976660957
0.013925737876618882
0.01429488644312329
0.014852588778425258
0.014403029988501714
0.014645983734981627
0.014713019604915445
0.015581367966618843
0.015209675811414058
0.015329716787809389
0.015063788691778513
0.015285655267423693
0.014961142580045106
0.014972793857315026
0.014878106716674467
0.015511132097996238
0.01473361446826047
0.01531863986927533
0.015570701304326917
0.015227891188557408
0.015220834781196402
0.016345429191618167
0.015380014203070402
0.015443685971821709
0.01599621907847535
0.015563234640724488
0.015838270425325617
0.015934270385940152
0.016002537024601794
0.01570986022159602
0.016149244656719474
0.016172957467505
0.01625410615216154
0.01597349088267066
0.01559818847253851
0.016209716426783417
0.016723357241700397
0.01663014702352896
0.017526392809685376
0.018916340957397183
0.016031747269026654
0.021974226882367276
0.017402905680859247
0.01767728505547268
0.01887424866697458
0.01860265903480638
0.01886940764332081
0.018924710184734295
0.01841221808729614
0.01691330588172022
0.016581572684482637
0.01696803406439642
0.017534351780779646
0.017569797920082664
0.017426126184152225
0.023151908450498127
0.019227315188794593
0.02578411249882464
0.02377902614193843
0.024042164495524078
0.025456317761511117
0.018083438734998937
0.021735950057047405
0.02200836020169703
0.01862284364190927
0.018028218244833027
0.02428585670323784
0.029986531287576668
0.028705629248972287
0.018909776857527306
0.01903022809016335
0.020735909441679468
0.03104605905802771
0.02126431948130545
0.01893611530826078
0.017776813219768428
0.017413244138156612
0.02490197952739237
0.020216360936878175
0.01798415672444733
0.01861898723323634
0.017387397994913557
0.017453038993625113
0.017356054418030453
0.019283110037699204
0.017578495352412914
0.01807982848007157
0.02310399052144021
0.026326143045685056
0.017412587728169625
0.017933120847949624
0.018248115590516534
0.018050125928154158
0.01748323385303365
0.01790415675726962
0.017716669654701887
0.018216443808640292
0.01974128420870471
0.024275107989699053
0.02250419589571635
0.019015540916703343
0.020401386501994523
0.018833879452768088
0.018406228346162835
0.018980505033637483
0.018498536000602427
0.019267356198007235
0.018616607747034664
0.01826198225149369
0.01822809508590808
0.018549079569604034
0.018206187402591924
0.01919712032938605
0.019498740718465513
0.019225674163827478
0.0186235000518991
0.019180135720968394
0.01902489475901774
0.01877882306510088
0.018854310213613702
0.01841779757218518
0.020669612032982343
0.019789776496503465
0.020298001929025134
0.020906493987079954
0.019449838174423917
0.01980364315748062
0.019244463899708818
0.01862194107817743
0.018814351255650764
0.019723397036554503
0.020181243002565453
0.01927178696541887
0.02000655589474718
0.01959547914031532
0.01964118168566813
0.02007383791842443
0.02021767375685215
0.019564791973419916
0.019733571391353167
0.01968302782234872
0.02080458633658111
0.0207772632708668
0.02057057617617488
0.020273550657003626
0.021511375790204568
0.02226477035291339
0.02029915064650396
0.02062358128263355
0.021118514412916057
0.021108914416853964
0.02053316080691019
0.020208648119529472
0.021032770858352024
0.020464319809511265
0.020595847960679238
0.020458248017126833
0.02057418643110225
0.020751499178872736
0.020858329904275764
0.021369180976746803
0.020623581282634973
0.021505714254065823
0.020674535107882263
0.022007867894208742
0.020941693972639543
0.02189176537773818
0.021557324489303652
0.021024319579765915
0.02128015537224428
0.022114780670858637
0.02268733428211931
0.021112770825527604
0.021635027021528686
0.021503745024104147
0.021401180963616186
0.02212364220568617
0.02201320122535293
0.022144319120282318
0.02242083182734973
0.021715601347446524
0.022086637092661475
0.022440770280708476
0.022890082916887877
0.022129713998066337
0.02285882139125448
0.022818780382040417
0.021819970535395326
0.022483354878622207
0.022933488027285877
0.022053324285813858
0.02314345717191344
0.0235576518737858
0.0226440932742193
0.022973364934006212
0.02249172410595861
0.02330969300115271
0.023272441734384586
0.022963682886694415
0.028301362748160842
0.028866449695816244
0.032313094435653514
0.03384786303677458
0.03191572023970366
0.026439948127200807
0.026982553032797795
0.044336474118367164
0.034229647495527614
0.04635189893255358
0.04626656563422813
0.06672505980510265
0.05088572271355076
0.04435772539169989
0.03718455910377259
0.030282490140518804
0.029354244367489457
0.043637643635838684
0.054057003463792344
0.04434279206449645
0.054307916181367946
0.062077020686351146
0.04572240175491373
0.03599506215586956
0.043580535966958676
0.04647390913891201
0.028507885740356186
0.02923124954615446
0.03168318700177224
0.045044904596960575
0.05754754562152016
0.05276625527538244
0.05121392770710713
0.12014633019637841
0.1122900052143578
0.04585778631475677
0.03612847748575234
0.05521458247606574
0.04355419751622804
0.04101430112233686
0.045808145309477764
0.07126971435088762
0.10939006794253885
0.03624933897463194
0.04020781940191966
0.04816900587938307
0.03728137957687068
0.03654341064885784
0.038233994570668985
0.04454291505931707
0.04228420829365831
0.04078562429307766
0.06449318379766708
0.058732940007000425
0.10082859453186047
0.05838011963892455
0.048349354523340084
0.049241990054566996
0.044266238249748825
0.0427958798786122
0.06952144840145706
0.044699797046234835
0.05088974322472097
0.04894996966154821
0.04720761140200551
0.043911694805457556
0.04037840394732086
0.046980083290222296
0.04451624840358903
0.04308100796676371
0.06747656718909952
0.06959225862881908
0.06659303934644498
0.05587591553808693
0.04114845491345278
0.04315165409162915
0.04112219851396759
0.04318718228218046
0.05897958605965812
0.046128719536935134
0.0420650494092115
0.0572803867567643
0.04054447567406214
0.04910463626476087
0.04709733452417027
0.05120506617228102
0.057361207236428416
0.04224876215435529
0.04347001293538142
0.03725266163993126
0.0385678611003641
0.03574546225827078
0.04262997225437459
0.05093421500135094
0.06767956197761009
0.061253554357514874
0.06070348278831546
0.12199986789749459
0.04136753174664989
0.07220222678882919
0.07369900566194473
0.09339073091662158
0.04346131550305472
0.04287530548705263
0.04782726242984268
0.04130468049038427
0.04994525130451279
0.050343856269182655
0.04802533414345476
0.04627337588784712
0.048612903133169995
0.05322451149763481
0.07345219550678905
0.052430419515727064
0.04272047478134766
0.05576842840269478
0.05550898235529189
0.05249400923322867
0.05014053327567467
0.046942503818459616
0.05412190600127076
0.06541256803587032
0.059967072834027135
0.04592588885091402
0.0468901551219858
0.05906450910174499
0.05438783409729524
0.04975489240825368
0.04284658755012174
0.045290483983393415
0.041150670297164994
0.039985378467531515
0.04472072011457726
0.05625171025571092
0.05031497422975519
0.04529064808588714
0.043517274454450215
0.05669593571448388
0.05931648848554687
0.04316888485379309
0.04390119224566717
0.0449003302972983
0.043766874352056104
0.05179583516068078
0.046912473061547645
0.04972715908629368
0.05406340346116565
0.04156699833148707
0.040066691254693865
0.044014340917189546
0.041077644686095025
0.04155600346420556
0.041960762272509555
0.04707993965950834
0.04486595082422582
0.04079005506049214
0.04288227984316393
0.03825294840904405
0.04255144920965961
0.04094907037986957
0.04005454766993353
0.04011805533618542
0.03817352280060789
0.05015595891037492
0.04409918190802955
0.04002853742418892
0.040048311775052525
0.042686177359519205
0.04177573670739321
0.03813955358376973
0.04208753145126991
0.040585337195759054
0.04428149978195108
0.04168096751550081
0.04207432120028045
0.043206136120562635
0.0451762686456334
0.04200859815032345
0.041825952071405936
0.04597339652373478
0.04636781687474354
0.044137745994771646
0.043497664206083184
0.05252272717016808
0.03996281437422624
0.04111727543907193
0.04169368545900056
0.042208885247637794
0.04239382876150728
0.043649541066858435
0.04306763361327626
0.04188453666275791
0.04214751091384698
0.05060092283038955
0.041590300886031176
0.044705704736122696
0.04392236146775304
0.0464855604161869
0.041777295681112034
0.04382299740594533
0.04459304837207867
0.04368810515359769
0.041517767582453756
0.0433803309208912
0.042929869567234394
0.043322812995768345
0.043068618228255674
0.042767326044176456
0.044237930569053674
0.04258164406907383
0.04316839254630054
0.04320301817312213
0.043578648788249554
0.04425040235880999
0.05052223568318368
0.04953466685757348
0.04818689305152475
0.05670652032553107
0.042189931409257045
0.049445969458056994
0.04585089400989091
0.05551579260890662
0.0448336226323562
0.046715139809171545
0.046114442619713716
0.04411871010514403
0.04507337638015372
0.04416958187914588
0.04551784799267296
0.047115221696321895
0.054092941910590754
0.044803427772956185
0.046571139868251524
0.049725764215071425
0.044632679125052734
0.043832679453257126
0.04659296550032366
0.04865893388351594
0.07184087309092604
0.0501544819879058
0.05311923974595345
0.04911669779827719
0.05918085777196325
0.050121415334803035
0.049954112839338906
0.05239595799140773
0.05867689900434812
0.052943732125646646
0.0545841006834479
0.059522026862757114
0.05649975117959229
0.04919095417807569
0.05158931216848828
0.05503374152462186
0.0505049228697743
0.05227649137374328
0.05579919762084273
0.04843747756410721
0.05908362704261094
0.04901774399271801
0.057929001875282896
0.05837568887151008
0.048858728673346265
0.048908944037358994
0.0495866052978073
0.05098319959663513
0.05366110619031872
0.048931672233157995
0.048247036616601235
0.049825784686856875
0.04918668751315351
0.04893749787179615
0.05164469676115004
0.05386188559511993
0.053840880475539164
0.04909060550129141
0.050129538408396
0.05115271747581005
0.04880793895059128
0.05006775381836235
0.05197002996100934
0.04856014418045333
0.04990512824405187
0.05180182490181835
0.04986845133602173
0.05167193777561465
0.050275999886773094
0.05054512798148494
0.050271651170606904
0.050224553754026145
0.051862050518133175
0.05069749714974421
0.053027424399004985
0.06493609643646607
0.08333018119787709
0.06630988048825089
0.06244781027782267
0.05999693948843685
0.06239734876006366
0.05979919597981507
0.0765292814238819
0.06973059703360036
0.062922148544763
0.06811853615649284
0.059137206507810444
0.05612978210060078
0.05711915605367608
0.056082520581534824
0.0543173520749292
0.05563960794272589
0.058785370754722524
0.06349937907717447
0.05381331125607858
0.05706795607468109
0.05528046962852216
0.05535398754708467
0.056407033268905594
0.056324489713031764
0.06329482531494648
0.05276166040547139
0.0565672793570144
0.06468132731022536
0.05234927083107266
0.05915550393620208
0.06516436300949238
0.07319775458553864
0.05194065561408934
0.053667342085191194
0.0566203665147242
0.053120716668428256
0.05523698246688298
0.05277790655266017
0.06269404607423326
0.05607891032660177
0.05665573060277893
0.058261063277518586
0.056103443649868724
0.055830705300223826
0.05812969922884008
0.054925926184239415
0.056111566723456005
0.056206417966592426
0.055337741399898735
0.05414611111953036
0.06385663021267192
0.05556371053796738
0.056846171550296275
0.05668009982354647
0.0574846943652517
0.057008797124598234
0.054015977839594595
0.055997597539447955
0.05684428437157294
0.06971147909272304
0.055563956691713656
0.05611082826222855
0.0560033411268364
0.056524120400365516
0.05582315658537027
0.05503086973092195
0.05928120644874184
0.05630783330960867
0.05841950423814524
0.05802500183589245
0.05740608926930122
0.05804001721434702
0.0587837297297483
0.056212900015219704
0.06531509115278027
0.06657203422685712
0.06684198283405748
0.07889137276250154
0.09225464933142576
0.06736144928760268
0.10021944606381794
0.10026350758420222
0.07367734413237485
0.062327769301424495
0.07038265830454975
0.0682720540422281
0.07688144538197435
0.0761657123422765
0.06846955139710645
0.07155796038647963
0.0674719723191913
0.06505383997790659
0.07439767204197664
0.07122368360054451
0.06893420761673497
0.08694593356064502
0.06849055651669574
0.07649875835946887
0.07136916046393935
0.08530343167038268
0.0705728530983265
0.07321112893902751
0.07796123981077016
0.07368669797469352
0.07975586471553697
0.06203279506346462
0.060209124016773787
0.06312579974326127
0.06100379035740957
0.059721247293850865
0.06651820860791417
0.06583193196639173
0.07403525167784437
0.060565472588524474
0.06126594409602717
0.06370959437555257
0.06414069163458294
0.06191496947077439
0.06170532853114423
0.06087275451374126
0.06359570724279137
0.06199160533677741
0.06951570481407998
0.06677790080906335
0.06309847667755548
0.07606790725419046
0.06302085619656736
0.06285765626352599
0.07587549707671996
0.07870503437741831
0.06549601415547954
0.06482081443249399
0.06166758495688782
0.06383152253065986
0.07099131446510114
0.06959652529372988
0.06564354230008007
0.06722155190910258
0.062103769393320365
0.06384153278296481
0.06400104040983479
0.06941510998353806
0.07238142671532159
0.06690508024407223
0.07080981710366245
0.06714959296426741
0.06877765383480891
0.06582257812407874
0.06538278343271031
0.06678520337016494
0.06640563429512554
0.06520309119873673
0.0660976959599168
0.06813174640749367
0.06688629050819372
0.06961974579702428
0.06746992103798562
0.06741839285398896
0.06572108072981564
0.06457712222477312
0.06657556243053478
0.07259106765495175
0.06627000358153054
0.06542454751814261
0.06760456713658983
0.06767020813529712
0.06697383919021718
0.06661232138981746
0.06518348095036686
0.06554532695575403
0.07821764996198795
0.07062790948598377
0.07495028719988568
0.0776747168513964
0.08714769758043986
0.07134462714066103
0.07313859563545293
0.07890622403847374
0.07290893419120152
0.07019353017701065
0.07267574454328382
0.07035935575000848
0.0840023450246747
0.07173683210796752
0.0741671900852566
0.08629510305841563
0.07397034914035885
0.07858384468354984
0.08411303215875705
0.07346015447788545
0.0814607255545809
0.07464579501710773
0.07517527172296923
0.07386515943993573
0.08074523866861227
0.07384817483151096
0.09429846387756129
0.07467525141527745
0.07311504692715402
0.07607545596904401
0.06869207438274998
0.0787076600173691
0.06832382837995965
0.07314204178788372
0.07246766257736681
0.08090655142295873
0.07210762169944473
0.09225136728148868
0.08485256006048872
0.0740238465543257
0.07111923236133748
0.07401793886443783
0.07484485134570491
0.07596493293746676
0.07103537598548541
0.077520870760668
0.07909198806482891
0.074276810553107
0.08074704379608874
0.07060362231646308
0.07766150660041263
0.07847963959809476
0.0724765241121986
0.07423389775020155
0.07467918987520647
0.07344341602320129
0.07554048182954602
0.07849334215657677
0.07347672883006454
0.0742897746503445
0.07396632862920001
0.07492296413416852
0.07234056519361047
0.07529358962314063
0.07507746663487751
0.07205871915539888
0.07278479065238912
0.07257917022393486
0.07346040063162604
0.07798585518528967
0.07895906504243158
0.0765899993476978
0.07276649322400885
0.07380337484989923
0.07824398841272569
0.07553941516331975
0.07265375480871512
0.07585112785595242
0.07389863634927565
0.07787163984754102
0.076884563329412
0.08002285947779911
0.07716846064883498
0.07653239937132525
0.07341560065000863
0.07683319924791476
0.07514171276237676
0.07624710718066581
0.0770283171165886
0.07343882115330302
0.07738425543209929
0.07534109729596139
0.07956895197171435
0.07730228623496486
0.07688833768683594
0.07841153706193608
0.09940713870476543
0.09372082308888707
0.07840251142461056
0.08441801664901619
0.07906868551028197
0.0790562957717782
0.08047766954762778
0.07697588636887076
0.0843331756581847
0.08620476463395335
0.08164534086345157
0.0841078629301137
0.08181051002645745
0.07914901368246205
0.07918240854054374
0.08120882822201451
0.08127159742703043
0.07975520830555638
0.08366339131758878
0.07897826503456144
0.07978195701253413
0.07663824548175172
0.07986934159205816
0.07884911636958236
0.08133649996451595
0.08107615135336914
0.08114351542830604
0.07778318860176796
0.08125551538235527
0.08209588426835239
0.10129275844400923
0.08998896820965001
0.09793809315359567
0.08036394651735464
0.08773698964635628
0.07961408015831353
0.09744414463830253
0.10046773314144275
0.08476771906965155
0.08310462231605129
0.0822100996061181
0.08399619118105192
0.08358462211912751
0.08592062116077273
0.09032833217299867
0.08647889785481766
0.0837279656500641
0.08176431517361493
0.08193399715528357
0.08425096030729833
0.08154966910782946
0.08203779198449865
0.08420189366076443
0.08459294991058641
0.08275524810040906
0.08733838468169211
0.08277026347886932
0.08343602730829502
0.08346121704155393
0.08797264083173673
0.08311955564326468
0.08727495906668423
0.08534462139708125
0.0842318423664267
0.08618507233433093
0.08595975960624855
0.0850928061157731
0.10128840972783451
0.0958159196652673
0.09726256522561698
0.08941821972585444
0.09460763298148436
0.09320997201642171
0.09186474179908259
0.09501739691594935
0.08654626192973751
0.09522695580432128
0.0955159403011578
0.11234415903829813
0.09690400127014982
0.08957444530279872
0.09084451657660679
0.0907853576265211
0.10477534163063637
0.09201448532738254
0.08990363491133735
0.08987819902432079
0.09370244360925425
0.10070469714679006
0.09323737713338005
0.10196631714201772
0.090486773133631
0.09215495706462776
0.09420426904439978
0.09788549830338411
0.09619712976527808
0.09107450622583997
0.09432906899320415
0.09226941855613405
0.10734362775646104
0.09781780602346543
0.10379499331486955
0.09571712996220753
0.08953678377977212
0.09506465843501247
0.09317854638830454
0.09330195146585538
0.09176751106973598
0.09641390916350474
0.09634802201105686
0.0959843708781932
0.11138662096959706
0.15151140450813044
0.09925961056015922
0.09568389920658546
0.09634071944996095
0.09653846295858556
0.11092459038990228
0.10766050967773708
0.10042596905602749
0.12670714801759003
0.11613074210018795
0.09976094368781788
0.09918157982293678
0.10075064584588063
0.10229066572692318
0.11044040597315644
0.10083425606798073
0.11664988034876841
0.14025192194792452
0.1314110640364902
0.10339286014651634
0.11036606754211106
0.1077348481087597
0.09968841038422624
0.11201710276222912
0.09784012396303296
0.10339376271024321
0.10496110565699154
0.10713973040421934
0.1045443673664181
0.12464963091296113
0.10206051197516217
0.09772705734275178
0.1031799371569491
0.10021115888772555
0.10219524012502461
0.116303788183086
0.10361727031086047
0.10533476704213171
0.10207322991867614
0.09969760012405686
0.09860008262562588
0.10428918798390896
0.10281152705168779
0.10415019316916414
0.10477591598937579
0.11745316207048973
0.10438362897082243
0.11777365424670734
0.14347079242223798
0.2134802816491174
0.2064238742876455
0.21808466950374167
0.2032115679131948
0.22968679807722764
0.18869079438325115
0.21264426147927223
0.1996109950313894
0.21196413868137826
0.19234322365405204
0.21397258913943915
0.21541143983121175
0.19660947831406475
0.20450674686904904
0.19497189949870516
0.3357939955717029
0.1507695791714582
0.16872608462517746
0.15005146664555014
0.22500134358919013
0.20788701214891034
0.19421916134598405
0.1581526325527534
0.21299256902869956
0.22237529338448211
0.22560655359731072
0.21971970473035754
0.23871809693616797
0.22213471912422164
0.2295139981481043
0.2535148908656879
0.24360318211151935
0.23484503185844688
0.24041261931790814
0.1658184345360496
0.1051599978830609
0.11231946161252608
0.10299868594927375
0.10825177097364076
0.11111289800496707
0.10755663279728651
0.10512799789621567
0.09787811369103565
0.10134379432049627
0.13258825329713772
0.11386095841603491
0.10513439789359609
0.10316812177717338
0.11430895823222045
0.12363810312282339
0.10966969859705386
0.11285862036567096
0.11321209714376437
0.10866703234173655
0.10419450084327764
0.13186882795124574
0.15395792658138135
0.11967617654311198
0.11946407406601338
0.11075884686816835
0.13157393576452706
0.11337669194801947
0.13228786367676548
0.1045421519827073
0.1033698857969739
0.11539909111832003
0.10700541251060258
0.1305181823515113
0.11627310101615648
0.1144645273991614
0.1191215921552498
0.1174635005277878
0.10794235571595437
0.10550732081751449
0.12159059627051647
0.10556327976892135
0.12688930178900365
0.10995203694274096
0.11472389139535152
0.10596631550098437
0.11080996479589658
0.1078844275345773
0.10738662261060199
0.10662781266551065
0.10637525892296935
0.10955769864299328
0.11060590334114977
0.10789944291304891
0.1102419240033214
0.11195556432592184
0.11156746192102673
0.10764459173556133
0.10957443709766039
0.11255018972300376
0.10859564775562376
0.1165291829623925
0.12334427760234803
0.11811342846629032
0.11443810689715975
0.11624651641168385
0.11877361281083268
0.11619113181902777
0.11264602558111392
0.11921250493844582
0.11229394367429676
0.11316918434083618
0.11953677147209874
0.11429615823745962
0.12716811193101876
0.13248962769655465
0.11289939983614658
0.11331548171671102
0.1173624954410343
0.12336265708197516
0.11297849723961235
0.12253246255080512
0.13148121785385455
0.11337841502424909
0.11328602531855267
0.11209620016567215
0.12506144612863182
0.11300262030661087
0.11402670193775748
0.11269263069020781
0.11433751206665192
0.1118091848988115
0.11903650501068341
0.11244664104750654
0.11224175908032522
0.11367987131081918
0.11148122605899288
0.11561119359538452
0.1156174294902712
0.11347769703479571
0.1123216769962255
0.11237615902517746
0.13322989405954785
0.11684105975753027
0.12056520181939731
0.11657291627778932
0.116287952292123
0.1175299620389751
0.11391232249749236
0.11398395323734575
0.11911478190163508
0.11751502871178446
0.115713921758379
0.1212140630916565
0.11496766565427378
0.11878903844551587
0.11712298784697169
0.11777217732422969
0.11505455792633938
0.12068179664337322
0.12118928361464895
0.12828409096038057
0.12047609416364366
0.11631150100040485
0.11665636239740707
0.11681431105055254
0.11867630003024487
0.1181292643572192
0.12512126148870947
0.12301730337753725
0.11813779768706353
0.12205492428516891
0.12272749836820367
0.1185182693258298
0.12242161131422336
0.116947152021703
0.12409168242393206
0.12117377592873027
0.11798345928884828
0.11944569458638625
0.11943798176902191
0.11907416653368727
0.12343601089804679
0.1291755777741173
0.1341631449587112
0.1701088122630381
0.2128964870168147
0.12382706714788583
0.501487712210178
0.1674042390136492
0.13467744218360167
0.12947506483077403
0.10593333089915405
0.1122784359883326
0.10407765986558389
0.10378096255141145
0.10586834631041028
0.10142781479884207
0.10046469724525195
0.09736521133737597
0.10025809220181828
0.10015569224382262
0.09821534432189764
0.10027384604150029
0.10055930233463642
0.10014404096654062
0.11148828246633684
0.11600889599634456
0.16800181825566368
0.15120322001919248
0.17635209175298314
0.1642656146602576
0.16181416951213806
0.12579342531553267
0.11172934903411261
0.1114262517225825
0.10793136084865865
0.10348081908479116
0.1388039635676023
0.13256027382144567
0.11045099058420646
0.11491679388029752
0.10373181385361932
0.10660574087970645
0.102136655533684
0.11644278299784219
0.10952791403981336
0.12052622747640954
0.16746512103995884
0.12443711817965095
0.1117592977397635
0.10558912591216085
0.10437238794979749
0.11160815934024412
0.10475097240984041
0.11217628218407753
0.12339711860631723
0.12811522949117488
0.1045620904360817
0.10445591612065072
0.10866900157168402
0.13841118424153365
0.18047984390570945
0.2648528144193619
0.2982430776438605
0.2833510222149698
0.13335354529084498
0.14005836305295816
0.12899711630888078
0.11833874119437268
0.12248708821043693
0.12360987749337937
0.13793446648843427
0.1300462235707755
0.13039518753017773
0.13066177203619417
0.13230698161764848
0.12037476087189133
0.1271840298732286
0.22554279977733813
0.18510006765125125
0.18890847634525015
0.2170501673640274
0.21381496869129252
0.14547538647165084
0.1474931907720361
0.14026365527644202
0.14552108901699512
0.14550320184482643
0.13186759718253144
0.13265840711449073
0.13505258049124222
0.1311587564476781
0.1442360023647325
0.16012580097402634
0.16152411834908662
0.15936395513273283
0.14100055753821153
0.15301245004617386
0.13504601639139083
0.13808782027167582
0.16933170488955512
0.14353520265224234
0.13482972930059986
0.14700876020153827
0.1541276085630443
0.15883259124816504
0.16934064847563376
0.16755143895325092
0.15446557765515082
0.1567760587585667
0.13710583093092055
0.13683596437499546
0.13518410864243152
0.14806541617826952
0.1364289901829693
0.16840641296146258
0.15346717806472726
0.14111009595484347
0.14922988749542582
0.1321296688698908
0.14221458780941704
0.1353592060064898
0.14695312945511887
0.14927140542711187
0.1379966613347051
0.141871039232376
0.1493889848660615
0.14814500588921647
0.14006894766401956
0.1417096444268168
0.1738987594261289
0.14601356060982199
0.14699743712925512
0.15856009905228347
0.14673323210945455
0.13775936912436465
0.1540651675629988
0.15739316619768715
0.14335501811075346
0.14279936705668206
0.1455373351641697
0.14004383998202458
0.14623723231293298
0.14969700525252846
0.15963234476621438
0.14977011291481404
0.14421105878520848
0.1371833693606618
0.1477371291334862
0.1530363269594659
0.14092014731481867
0.14184043411673883
0.1432668950699508
0.13832224068830784
0.14429942797971762
