1.0666662274161353e-05
6.728202379235881e-06
1.001025227651553e-05
1.173332852886233e-05
1.624614717457007e-05
2.0020504598505796e-05
2.0676914596151617e-05
2.5271784511460283e-05
3.610254927934875e-05
2.978460315716802e-05
3.54461393044403e-05
4.258459791799396e-05
5.628715639431903e-05
7.039997112769924e-05
5.439997767098248e-05
8.48409908485337e-05
9.567175563915953e-05
7.8194839693424e-05
0.0001811691564398643
0.00011388713276119233
8.722047705305158e-05
8.516919583598793e-05
0.00011372303026746522
0.00010412303422526747
7.803073722243426e-05
0.00010781534037960228
0.00010592816165626573
0.00011216405655432027
0.0001244717438112275
0.00014728199087130634
0.00012496405129240883
0.0002007794048040523
0.00019035889627048164
0.00021366145083447918
0.0002857844981463131
0.0003454357557529875
0.00031614346007700076
0.0002093127346370238
0.00019323068995618086
0.0001761640302675005
0.00021325119457742402
0.0002482050263779456
0.0001874871025847824
0.00019019479377675453
0.00022670759929042106
0.0002936614180043762
0.00022178452441039552
0.00022178452441039552
0.00018584607760203654
0.00030153833781696446
0.0003203280737125169
0.0003823588174782344
0.00044299469004727143
0.0002975178266524381
0.00048303569928975776
0.0008073842841440637
0.0005204510685643982
0.0004491485336984624
0.0004552203260573151
0.0005408818293972217
0.0005522869529158925
0.0004972305652245268
0.00034346652576005
0.00043282033525429144
0.0004050049620445861
0.0003651280553413017
0.0004301126440623193
0.000485907492975457
0.0005147895323716512
0.0005960202683127136
0.0004431587925637359
0.00046203057968341454
0.0005246356822226517
0.0011692302895198736
0.0006868510002732364
0.0006169433366267185
0.000704656121138214
0.0007612714825654621
0.0007841637808496671
0.0005202869660479337
0.0005952818070682042
0.000788594548293986
0.0011036713420935484
0.0005453946480429295
0.0008781945115288181
0.0008909945062896441
0.000720738165819057
0.0005971689857915408
0.00060004077947724
0.0009472816626612257
0.000803609926720128
0.000854563751954629
0.0008047586441762178
0.0013112610005237002
0.0005942971920831041
0.0007556919976423159
0.0007564304588868253
0.0008400406810096684
0.0008519381120322578
0.0006238356414996815
0.0014153019834793668
0.0009074047559124665
0.0011691482382957473
0.0008524304195134391
0.0007631586612660612
0.0006376202512456075
0.0007805535259194585
0.0008039381317303196
0.0007414971317075469
0.0007540509727050448
0.0007784201934555313
0.000986009851885683
0.0010884918611054673
0.0007501125127646446
0.000786543267054185
0.0008534150344758018
0.0008949329661845695
0.0007986048005932389
0.0011986866877123248
0.001074543148911289
0.0007643073787676258
0.0009462149964065247
0.0008967380936383051
0.0009886354918307917
0.0008698252841668364
0.0009256201330799741
0.0010306457309980032
0.0008916509162190777
0.0016459480426874507
0.000939076537792971
0.0009462149964292621
0.0011797328493230452
0.000928984234269592
0.001292225110887557
0.0013554045721093644
0.0011672610595951482
0.0011110559544476929
0.0010574764892226085
0.0010925944235395946
0.0010095585601902712
0.0011618456771657292
0.0010344200884446764
0.0017069121202439419
0.0011440405563007516
0.0012662969164011883
0.0011253328716520627
0.0014875891333076651
0.001616819849505191
0.0011067072382729749
0.0012882045997230306
0.0013845327653370988
0.0014448404328732067
0.0020298658339243047
0.002537598958952003
0.001523855785080741
0.0011131072356647565
0.0014074250635985664
0.0019353427957639723
0.0012331482120316651
0.0014350763343372818
0.0012289635983961488
0.0014121840360076022
0.0013332507350696688
0.001396840452594006
0.0017092095552015962
0.0012333123145481296
0.0018553428285486007
0.0018473838574664114
0.0015332916786292116
0.0014753634972748842
0.0013732917442666804
0.0015158147627289508
0.00154863526211102
0.0014196506996313474
0.001885947944219879
0.0015356711648792042
0.0015149121989907143
0.002398029785399558
0.0016136198508093003
0.0016326557404454435
0.001611486518345373
0.0015690660229438435
0.0015568403869338
0.002063342743281282
0.001443691715417117
0.0017100300676702318
0.0016652300860641844
0.002048983774739099
0.0016857428981666089
0.0017318556997224731
0.001809065924476272
0.0014837327246141284
0.0021355478418172424
0.0016956710992189982
0.0017884710611724586
0.0022842247039079667
0.002216204218962048
0.0017600813291892337
0.0017972505447232834
0.0019798145723825657
0.0022234247288452024
0.0027844091141105308
0.002096655550053583
0.002268224710473987
0.0018431171925840316
0.001689681358107009
0.0019319786945743544
0.0019127787024672215
0.0023752195383622164
0.0020486555697743825
0.002049394031018892
0.00212479912827348
0.001957004325345224
0.0018099684882372457
0.0019011274251852228
0.0021034658037024203
0.0019090043450205485
0.0021902760244984164
0.003115321798804871
0.0022334349811444555
0.0020462760835698647
0.0020329837813278574
0.002416327213813929
0.0017640197891068965
0.0021604914213412484
0.002314583665815917
0.002209886272885342
0.0019006351177040415
0.0019080197300581857
0.00198309662232532
0.0025847784267398312
0.002152122193979267
0.0021982349955806057
0.0025055169207689686
0.0021659068037024553
0.002029537628914113
0.0021867478208150715
0.0025942963715579028
0.0025768194556349045
0.003311424282469488
0.002310234949641199
0.002392696454262477
0.0021554862951461474
0.0026548501929028133
0.002368163131018264
0.0026131681587003184
0.002613332261194046
0.002551055363665
0.0021618042412910655
0.003356388366637475
0.0025858450929717946
0.0027812091154146403
0.0025036297420911067
0.0023491272414048582
0.0024970656422055983
0.002924798800086137
0.002266829839231832
0.002373332359684355
0.0031852294624513887
0.00264262455689277
0.0025626245897001354
0.0030960397554508747
0.002627363024657825
0.003423424236552819
0.002680942489814697
0.0025945425253212306
0.002511096405692115
0.0029424398184801246
0.0025859271442413958
0.0030745423283860874
0.0023503580101305486
0.0025699271507846786
0.0032427473876168733
0.0035533934139721167
0.0030237526056453136
0.0028621116463227736
0.002554501516124219
0.00277218347807775
0.003384449893587771
0.0035081011248621506
0.004157618807153085
0.0027131065792445953
0.0026646963427083394
0.0030466449039522558
0.0026707681350899293
0.00428381362712571
0.0024628502716268486
0.002989783388829892
0.00327220378576385
0.0031533115268302936
0.0032628499434622428
0.0031437115307653583
0.0026866040260301815
0.0031972089446981045
0.00283560909310836
0.00337928066492168
0.00269234761340158
0.0028149321785122085
0.004366111029275999
0.0030502551588824645
0.0033814960486324708
0.0029192193152084655
0.002824450123284805
0.0033747678462759723
0.002995855181211482
0.0037805112695423306
0.0031354243546729776
0.003891690711066076
0.0036952600224367414
0.0033700088738669366
0.0032698242995365945
0.003324306328499915
0.0036494754258683316
0.003658172858126818
0.0037878958818964746
0.003601229291780328
0.003073065405919806
0.003871916360230898
0.004165741880706264
0.0033522037529564843
0.003401188348220785
0.003965126578418676
0.0034685524231690577
0.004141290608708914
0.0032305217515840924
0.00397037785833163
0.0031785012601176278
0.004914131317286774
0.0034171062904306384
0.004461700733668294
0.0034632190919865026
0.004484182775718182
0.003496039591345834
0.005257926048034278
0.004202746993769324
0.004216449552200174
0.007353843136888827
0.005368613182122317
0.003640449788531441
0.003621413898872561
0.003736695902921383
0.003564880588783126
0.0036129626203319277
0.004103547034424082
0.004072531662563961
0.0036359369698857336
0.0039022753221388483
0.004574931456431841
0.0049097826011347935
0.003699608738634197
0.0035839985296433952
0.0038239984311303488
0.004157208550873292
0.00433977257857805
0.004420757160710309
0.004472941754693238
0.004586008374985795
0.003601311343049929
0.004192244433966152
0.0038763471276524798
0.004527013527376766
0.0039311573615805175
0.0042876700357737715
0.004485331493219747
0.003641106198529087
0.005285002959976737
0.0039693111920769296
0.00493932105055137
0.005037946651054881
0.005191792741834433
0.0049462954066711974
0.004417721264508146
0.0050657620243327985
0.004247957231609689
0.0042239982670935206
0.004719423704841574
0.004981003084731128
0.004607505802027845
0.004253864921474814
0.0046889006404626345
0.003963895809670248
0.00483027494142334
0.0037834651144976307
0.00499716718061336
0.004423054595690701
0.0038477112419514014
0.005109987647165326
0.004266090557507596
0.004648367323761704
0.004195854688896361
0.004596100678531912
0.005545925929868645
0.004038808599466393
0.004746746770547361
0.004801064697016954
0.00509070560381133
0.004444634074002351
0.0049530236090276954
0.005343013192577928
0.0041647572657439015
0.004681844233118682
0.004956469761418702
0.004456121248790623
0.0058466437552169735
0.00481517751170486
0.0049305415669778085
0.004483444314473672
0.0049988082056188436
0.005193187613076589
0.0045657417166239615
0.005241269644602653
0.005675895107333418
0.0044961622579194225
0.004790562137213783
0.005122541488185561
0.004993228720741172
0.004783013422365911
0.004964428732569104
0.004575259661419295
0.005874459128403941
0.004652962193608801
0.004956715915227505
0.004697516021519732
0.005524018246569539
0.005528366962744257
0.004632531432798714
0.005496366975830824
0.005917289880108001
0.004947280021610823
0.005541905418726856
0.006097474421540028
0.004649023733736613
0.00524611066828129
0.005395525991593786
0.005520572094110321
0.005536982343778618
0.005436305462058044
0.004832572376358257
0.0052297824698143815
0.005336038836458101
0.00503614152364662
0.005610992569836526
0.005430233669653717
0.004880244151718216
0.004997413334399426
0.005843443756498345
0.004715977552427831
0.005794623263705034
0.0062689615307135686
0.0049556492489728045
0.005210500426460385
0.0055463361861257
0.004982151802187218
0.005786910446431648
0.006071300073313068
0.006285782036616183
0.005589166937761547
0.005172756852152816
0.005684674590929717
0.005781495064002229
0.005489720824721189
0.005630766920694441
0.0062375359025736545
0.005023423580132658
0.0056822951046797245
0.0059624180667015025
0.005414233676219737
0.005441802895666115
0.005810048898456444
0.00684446898690112
0.005719300217742784
0.005155033782557439
0.005834171965443602
0.0059939257460655425
0.005281802961280846
0.005627813075761878
0.006411156344120173
0.0053392388351767295
0.005874212974708826
0.006372674308681781
0.006186007718588371
0.006043156495093171
0.006262561533253575
0.006091238526687448
0.0057328386737026445
0.006171730801361264
0.006447915303442642
0.006580099864595468
0.005987443697449635
0.006551463978848915
0.005774356605388675
0.0067750536307585206
0.0065036281010634415
0.006553433208841853
0.006275197425588885
0.005832284786743002
0.006463915296876621
0.007125248358875069
0.00698617149284928
0.006558028078779898
0.006280448705456365
0.007182602181455877
0.006800981825244889
0.007492591797927162
0.006767012608406731
0.006126930819709742
0.005978910367616663
0.005640695121769568
0.006535381934168072
0.00714050989106454
0.007213289348419494
0.0070839765809296296
0.006593063961781808
0.006843566423140146
0.00576401814807923
0.006192243613418214
0.006473351190425092
0.0069347253601108605
0.006463258886901713
0.006163115420258691
0.0063925307107183475
0.0067697202995987025
0.007621166104127042
0.007008817637392894
0.006833145914606575
0.006783833114309345
0.006608243442792627
0.007371976462763996
0.006791545931673681
0.007139279122338848
0.007216571398316773
0.006975012523048463
0.007342109808382702
0.006304079464962342
0.006709412632039858
0.006855135649198018
0.0076968173551449585
0.007057638130208943
0.006857022827898618
0.007024817630826874
0.00697189457564491
0.0070093919961436765
0.00712467400010155
0.006775463886970101
0.007510314867522539
0.007097186831879298
0.008031996704835365
0.006670028032772279
0.007372961077749096
0.008266417121467385
0.007685248129109823
0.0074096379858019645
0.0074294123366598795
0.006377679434831407
0.006983874057891626
0.0074691251408467
0.00837103246310562
0.0077851865496768365
0.007180632951508415
0.007195648329957294
0.007670232750660944
0.007527299475987093
0.00731142264146456
0.007276140604699321
0.0073366944259760205
0.008119381284382143
0.006665269060340507
0.008348304267383356
0.007022191990881765
0.008461124733889847
0.0071097406729450086
0.0076723660831476085
0.006967463808200592
0.007523525118563157
0.006988879184041253
0.007520243068597665
0.007300673927943535
0.008711709246495048
0.007666458393237008
0.007515976403715286
0.007133617586214313
0.00893144248968838
0.007622643026570586
0.008216283808701519
0.0076921404339827856
0.007889555737642695
0.007264571378641449
0.008646232350270112
0.007167915008039927
0.008562950333180197
0.007174397056678572
0.007759340406414595
0.008200694071524595
0.009067893715746322
0.00716914577674288
0.008029863372371437
0.007688284025311987
0.007778786552262318
0.007580632787403374
0.00924036543983675
0.008089842834920091
0.008846847652534962
0.007552981516687396
0.008305555566971634
0.007273268810990885
0.011208692837453783
0.00859577083251679
0.007953145455121557
0.008142601787631066
0.008482786263471098
0.0075950738071469456
0.008182888950614142
0.007914581368390827
0.008684550283260251
0.008978704008723071
0.007978417239610281
0.008248612000579669
0.008950232225561194
0.008196263304103012
0.008787114343749635
0.008573124687973176
0.007239791901656645
0.008200365866491666
0.008462929861320845
0.008846273293852392
0.008243688925654169
0.009683606283670088
0.007960858272440419
0.009044919366192516
0.008567627254296894
0.008096324883558737
0.00851150420041904
0.00781283782034734
0.00850231446061116
0.008381535022977005
0.008921268134849924
0.008885247636794703
0.008961062990329083
0.0078032378243506175
0.009742272926268924
0.008582724684015375
0.009332591043039429
0.008648693887721493
0.009040652701264662
0.009475934573970335
0.009268426966809785
0.00915970906264647
0.008220632524876237
0.009359832057498352
0.008647381067748938
0.010219318884355743
0.00861554518335197
0.009394457684311418
0.008992324515952532
0.008348140164866891
0.009273842349170992
0.00901784245422732
0.010155400961866689
0.01067659049165286
0.008542601623548762
0.009954867710825965
0.009590806321739365
0.00847728882984029
0.008937596333271357
0.008878519434415467
0.009090375757818948
0.009313144897146231
0.010569595663741892
0.008883360458139578
0.009118929592227687
0.008972796318857945
0.009329555146860003
0.010010908713456956
0.008051606953199553
0.009831298530775712
0.009614519132514942
0.009400939732950064
0.009555934541162969
0.008598724677426617
0.009579401198197956
0.009612467851320616
0.009076673199319884
0.009507688407074966
0.010018047172115985
0.010567052075043649
0.009425062799982698
0.010530949525741563
0.009514088404489484
0.00895925786285261
0.009891113890830638
0.009679421669966359
0.010098539446767063
0.009420139725079935
0.009356057700074416
0.009420632032583854
0.009335380785501002
0.010889021173761648
0.009582847350611701
0.010578949506066238
0.009610908877584734
0.008713924630183102
0.009970949755529545
0.009965452321898738
0.008959175811628483
0.009814560076074485
0.009026950142788337
0.012499933333378977
0.010752734050174694
0.009643237069440147
0.012018210454084511
0.011665800342257171
0.010572877713684647
0.009984406160219806
0.010662477676964955
0.009368611541071914
0.00955626274617316
0.010192406074884275
0.00861127851846959
0.010489759799065723
0.009594334525399973
0.010550313620387896
0.01062530846138543
0.009787565215356153
0.009961760015698928
0.010940549357746932
0.009801103671293276
0.010590928988312953
0.009615093491242987
0.010154662500667655
0.011278518449876174
0.010301206030248977
0.009625760153539886
0.010800241722995452
0.009589739655530139
0.00998186257152156
0.010392693172229883
0.01064926742596981
0.009823913918330618
0.011425964543172995
0.01082477504628514
0.00988857030215513
0.02235322159867792
0.013648158503315244
0.010660590498241617
0.010359790621623687
0.00961181144132297
0.009698211405861912
0.011709451606407129
0.01231942058691402
0.012475317958865162
0.01096713396218547
0.01297517416401206
0.009951831814646539
0.010807872489044712
0.01425656851013173
0.01696032124702924
0.010804590439147433
0.00995593437705793
0.010608734109223406
0.010994128822949279
0.010854149393162515
0.010206600940909994
0.011961184836445682
0.010198641969782329
0.01034149319325479
0.012581082018027701
0.010172631724049096
0.010735339185498561
0.011560282436812485
0.011543379879617533
0.011367051746879043
0.011519256812607636
0.012527092296568298
0.010352734214234261
0.011327010737636556
0.01313172794593811
0.012239338568451785
0.012025759168909644
0.011097841600894753
0.01140233378364428
0.01141669275214099
0.011309615872983158
0.011072733918899758
0.011084056991148828
0.011577184993984701
0.010943503202611282
0.012258538560581655
0.013258907380986784
0.017720526063385478
0.018052587465558646
0.01111499031180756
0.011570374740335865
0.01062727769135563
0.012429861567238732
0.011691564434204337
0.010866703234137276
0.011448446585291094
0.011090621091057073
0.012619235848524113
0.012136200149257093
0.011446641457746409
0.011094313397211408
0.010571318739948765
0.012127256563167066
0.012301697517273169
0.01131010818046434
0.01111786210549326
0.01174883620565197
0.011741697747015677
0.011630272151660393
0.011925902799634968
0.013327666327131737
0.011747359283140213
0.011654395218693025
0.01240024106657529
0.012495010258476213
0.011141164660034519
0.012577553814344356
0.0108999339897764
0.011907523319973735
0.011935256641959314
0.0116504567587981
0.011985472005949304
0.011922702800961815
0.01195240535287212
0.01202108224777021
0.014238024927976767
0.011741451593206876
0.011887010507894046
0.011508097842829556
0.01193927715312384
0.01256163587215724
0.012764548609379745
0.01154633372459557
0.01302555363056399
0.012659276857743863
0.012789984496430406
0.011684343924366658
0.014262886456253909
0.010963441656031137
0.013119256156210212
0.012559748693433903
0.012290456496180014
0.012697512739487138
0.012833225504277835
0.01290600496161005
0.012625307640882965
0.013076835660763208
0.012658784550239943
0.01245480514674
0.013003317742254694
0.011871420770694386
0.012028959167628273
0.01268102043854924
0.012955235710683155
0.012269533427888746
0.011465185039924108
0.014189122383913854
0.012558107668473895
0.01215392321892068
0.012918804956370877
0.013629532869913419
0.011694025971678457
0.01304557413513976
0.01333767657943099
0.013439256024912537
0.012600528163898162
0.01178017978245407
0.012660753780210143
0.012299564184809242
0.012748876821001431
0.01326662019826017
0.01368015849020594
0.01435470180322227
0.012366435952208122
0.012916261367718108
0.013183502283709458
0.014483358160669013
0.011890948967788972
0.012497964103408777
0.013235522775153186
0.011961759195173727
0.01485373749592327
0.012374312872043446
0.012310969308327913
0.013715276424500189
0.012937758794737419
0.013435153462523886
0.01307191258590592
0.0132699022482484
0.01273230246881667
0.013197122790916182
0.013193020228504793
0.013464856014411452
0.013272363785699782
0.012964671604231625
0.013402907321869861
0.014616035029325758
0.013677040542711438
0.013641840557193063
0.01280024090247025
0.015128034819281311
0.013433594488765266
0.014745593950488
0.013217389449278017
0.012793594751337877
0.013043440802698569
0.01468848628167052
0.01629431126386862
0.014781696499812823
0.018571315457938907
0.017930577259244275
0.013461984220725753
0.01747724411193303
0.016851275137946688
0.013601061086751543
0.01355437392642216
0.013941081460075111
0.013663337984303326
0.015845326832663886
0.014524301733581524
0.01503433229361235
0.01444471202269142
0.016332957401868953
0.01429135823946126
0.013391584249598054
0.013684096950123603
0.015194496330445872
0.0144617786823801
0.014598804267166088
0.014032568602010543
0.015240527080800348
0.014098948061973714
0.014404014603496763
0.013225430471629806
0.014779973423605952
0.01470858883751589
0.01393599428267862
0.014548342749412769
0.013958722478446362
0.01524036297830662
0.014818537510336682
0.014924383620768821
0.013367625285081886
0.013822025098670565
0.013673348236579841
0.014961798990020725
0.014003030152616702
0.01527334758015968
0.014761840097730784
0.014428629978010577
0.014476629958312514
0.013880773792470791
0.014284383883318697
0.016287911266522313
0.014196342893774272
0.01488713235396517
0.01404397372555195
0.014432240232963522
0.015620342309625812
0.014298989005555995
0.01447039406341446
0.016384977893335418
0.014051194235389631
0.014758229842800574
0.013984568621685867
0.014338947963506144
0.014655829884782179
0.015245696309466438
0.01370099950720487
0.014414763316995049
0.014977963085948431
0.015886516559407936
0.015672608954832867
0.013769840504664899
0.015095214319899242
0.015156506602443187
0.014551132491874341
0.015535747472540606
0.014152363424659597
0.016424936851285564
0.015429901362085729
0.014732137545820478
0.015955111403036425
0.014066701921342429
0.015681634592169758
0.014552363260554558
0.015801921722322733
0.015720362781416954
0.015238147594618567
0.015586783349021971
0.014807050335593885
0.015159460447398488
0.015006434869133046
0.01580577813099353
0.014781532397319098
0.01468159397677482
0.01532897832657909
0.014985101544561985
0.014879911844172967
0.01477521445117418
0.015036957933580198
0.015480773136118842
0.015306168079519011
0.01519777838036589
0.015161921984872605
0.01587182938594651
0.014574435046392864
0.014530455577232714
0.0159355832059191
0.01499576820688162
0.01565143973277827
0.016132095945818038
0.015458537247786808
0.015713388425274387
0.015154127116261407
0.015021860503884455
0.016829941813375625
0.01584828067759645
0.015814557614544356
0.015132055330445838
0.01593468064215813
0.016277244604225416
0.01634821893408116
0.016723521344192704
0.01676274184094382
0.015779849936484423
0.01571667047523988
0.017303377516554974
0.016729182880339977
0.015494803899537146
0.016319911253390273
0.015401019322666798
0.01577656788654167
0.016211193349249697
0.016376444563502447
0.015751952512027857
0.016642618813261834
0.016536854754099294
0.015015460506492672
0.016520280401914535
0.0173885467124137
0.01646924452543317
0.016975746881757913
0.015871665283430047
0.015680896130947985
0.015129511741724855
0.015752198665791185
0.015506537228111484
0.01621767539788834
0.01642592146631614
0.01579716274986822
0.01551154235426111
0.015323398841701419
0.016031090858996323
0.01594263961330853
0.0153141270506012
0.0161361164570053
0.01629143947011471
0.017088895553297335
0.015814065307063176
0.01658748037434634
0.016991910977662884
0.01601271137938056
0.016462352220582944
0.01590538834648214
0.017264977532317972
0.016637695738381808
0.015338086015162844
0.017327008276106427
0.016623664974918028
0.016820670022298145
0.01581447556332023
0.016133490817037455
0.016549408595096793
0.016232772827584084
0.017263746763569544
0.01670686494076108
0.01621980873035227
0.01851330522531498
0.017351131343116322
0.016710803400724217
0.016859726416510058
0.016543665007725396
0.0171910493575524
0.0164567727356598
0.017085121195805186
0.018219069448605296
0.016549080390132077
0.018216279706120986
0.016082454940533352
0.017557900489032364
0.0164874599025552
0.01630653689985593
0.018340012988710443
0.017614269696741756
0.018410248857344415
0.01665385983428678
0.017844505499692787
0.016889757173430553
0.01721558268077388
0.018604792367227674
0.016423870185099075
0.017290495470570023
0.01976992009440437
0.01699847507757113
0.017321264688735027
0.017579726121152817
0.01718916217880633
0.01731601340884481
0.017285244190679803
0.017251028820101055
0.01688114179235072
0.018451192430256926
0.01795387981380827
0.01819519253533599
0.01874747948818367
0.020590268475802986
0.01991359183032273
0.017142064762242625
0.018627028255582444
0.017433346694042486
0.017627315845243175
0.017405859525820234
0.018431418079444484
0.01830776684812463
0.016760198252222837
0.017767705531196044
0.017022023785830242
0.018520607786422262
0.019817017510968073
0.017008813534857836
0.017561018436526864
0.017929182388047592
0.017862802928107158
0.01665172650182285
0.01782276191888741
0.017371398001478154
0.017888649071301187
0.017287131369380405
0.01851552060902577
0.017406105679538087
0.017711008118544667
0.017080690428451818
0.018890330711678872
0.01783383883737315
0.017680731207929058
0.01793517212915958
0.01940577665402543
0.016873839231243436
0.017782638858375322
0.01699026995268014
0.017841059347233568
0.017950351610124926
0.017537305625683074
0.018474741138538774
0.01954780736500652
0.01901160245679421
0.0191301665106721
0.017336772374665087
0.018778166655101812
0.017474946676975377
0.01899954092327789
0.018619725694452426
0.01930345874732211
0.018920689673541345
0.018869325592095264
0.01747749026562815
0.018912894804930146
0.017908505473451443
0.01875970512423919
0.01802739773236226
0.019567007357090917
0.019316504895755315
0.019104648572420047
0.01800934645771122
0.019138453686787217
0.01947888431636784
0.018654679526298422
0.018779315372603377
0.019652750911700424
0.01840081296379594
0.018688238486879526
0.02033763268200346
0.02006817638227858
0.020424114697812003
0.019877653383537107
0.019763109840801006
0.01866797182854043
0.018484997544624092
0.01944310997205321
0.018229982264620047
0.01974760215484821
0.01958719196425136
0.018900833271436566
0.019663089369009866
0.02070546842853673
0.01924134595228679
0.018700956430416228
0.018447992431606507
0.019202945968027053
0.019021448606554258
0.019321510021950417
0.02025582758735709
0.01980790982238432
0.019809058539885883
0.02173422698083414
0.019331684376766134
0.021198432328833405
0.01887769481934356
0.019779273936728715
0.019999663589874216
0.019186289564595428
0.02024524297635253
0.020092217398064348
0.020473837754343548
0.020298904492779
0.02269865735438543
0.019626494512181125
0.018192730997861874
0.018305469413166974
0.019523520195457424
0.01943498689847729
0.01959785862652552
0.021275970758529182
0.0186792128495199
0.01996470975805096
0.02044101725496148
0.019904566193008576
0.01903236142263722
0.02131773484400128
0.019249386974615847
0.021209181042399904
0.023898164554566392
0.020926268337939292
0.024665671932052647
0.02206932427927768
0.022656154807737038
0.01929648439115681
0.01995683283817016
0.020249427589988045
0.019933858488684564
0.020425837774018872
0.019186043410877575
0.02011338662014168
0.019964217450569775
0.019625427845971898
0.01971223806672242
0.020412299318036276
0.0206216941039429
0.02021947888433715
0.019289099778802665
0.02083437093976954
0.02140520147479492
0.02035510959790372
0.019869858514948647
0.020964504219728043
0.019904073885504657
0.020187396846154115
0.02107535545628707
0.020780873525814057
0.0235348416267243
0.02110095544574051
0.019968566166744493
0.02171108852874113
0.021787067984791974
0.01939781768294324
0.02189037050652587
0.02162427830796787
0.0196852432060723
0.020289140394197602
0.019712320118037495
0.020973119600716926
0.019656443217854758
0.020915519624418268
0.020278883988157758
0.02179281157220885
0.021899806400097078
0.022052831978317044
0.020639171019820424
0.021790432085958857
0.021782719268571782
0.020290945521674077
0.020342309603142893
0.022093447346287577
0.021918514084723027
0.021150760553541658
0.022317693408103877
0.02190136537381022
0.02163018599790121
0.021056565720346043
0.02155510910556586
0.02046661724448313
0.021172586185548424
0.020011889225929735
0.020536524908106913
0.02388167225367397
0.023326841712082567
0.02150924245772785
0.02223383703226318
0.02350177497362438
0.020648196657157315
0.021533611678501076
0.020807376079028474
0.0224771189837611
0.02029931474901332
0.021667683418399974
0.02025968399602789
0.022004585844297254
0.020745099181499426
0.020773078657180123
0.021377714306549934
0.020717776115748165
0.02171461673246995
0.02109906826706265
0.02107453494377296
0.02084717093443942
0.022155067833818976
0.02093201192533343
0.022840606014119656
0.020463253143293513
0.02145902709371512
0.022391949787902377
0.021505468100326653
0.023685815923795418
0.020293242956586254
0.02213217553555751
0.023195559714599766
0.024047990134135944
0.025361466518347697
0.024398759221026012
0.022629734305724014
0.02306813412592419
0.02093742730771737
0.021443437356560936
0.021851314112313957
0.022133734509225178
0.022497960000828245
0.0206765043378482
0.021062555461503506
0.02317635972251537
0.02176753978769739
0.022299313928510856
0.020987642671707364
0.022535621523843474
0.02350103651237987
0.02290173419414714
0.02247728308623209
0.02278317014026925
0.022134555021739288
0.021960196118902785
0.022821488073191176
0.02206727299801514
0.02328827762535184
0.02128483229341782
0.02186657564450343
0.022605447136265867
0.022302678029655
0.022106739648529584
0.023458698068247942
0.024655087321025348
0.021202616942514397
0.022482370263674056
0.023003887998424944
0.02225016523073009
0.02394312863871164
0.023585795452004277
0.022906247012838322
0.024454636121163276
0.027653321988395874
0.028333608888783602
0.02783137319740945
0.02816876793078791
0.025986040621137362
0.023168154597647116
0.023499723692407316
0.023639949275934668
0.02194526279170077
0.03071112586210347
0.025156256346167537
0.021290165624532165
0.02254202152118978
0.024356256674332145
0.02190833972993005
0.024353302829376845
0.021814308999273634
0.025712481759001093
0.02197750893228658
0.023001918768432005
0.022005570459191402
0.02968901346093844
0.031631330612776766
0.029959044119368627
0.03148716656939996
0.03509692919099052
0.03515740096106583
0.02913828548169022
0.021016196506184314
0.02250042153830236
0.026454799403109065
0.026729096726558054
0.02956117761591486
0.02852601906622567
0.026978778675379546
0.022605365084996266
0.022558677924621406
0.024216031090873003
0.023493733951318062
0.024069323458752477
0.026625383948567106
0.02483445135001148
0.02336704682375057
0.023548380082729636
0.026651476245524462
0.023545754442784526
0.021962247400097112
0.026243927694781632
0.03094406935626921
0.027707968119807448
0.023498821128691817
0.0239289337727314
0.02573717918476177
0.02320064689206447
0.023246349437363277
0.02388626712356654
0.024560974539099334
0.024411313062046247
0.026622512154881407
0.025403148552550193
0.02407982601848744
0.023281303269209276
0.02400712861244756
0.025028092296201974
0.024305220797873516
0.023723067190530855
0.025764256096681492
0.024333774632282257
0.023899723528302275
0.023901856860811678
0.02383252355591594
0.02508339483758846
0.02173915005575964
0.025104974315922846
0.023905385064449548
0.02419896443118432
0.023289590445301656
0.023394862196983012
0.024405897679594092
0.03653454911402605
0.023746780001351907
0.0261756610561406
0.025395763940218787
0.025905630397687673
0.02427855414214264
0.027105465802901563
0.02343432884745198
0.025386984456622484
0.026427558388718353
0.025430799823220697
0.024827066737634594
0.02565414332138971
0.023543539059073738
0.024965076937405684
0.024708748837406348
0.02450796943262503
0.024612502723084618
0.025554779259596216
0.024383661791353005
0.024513877122512896
0.024972461549805303
0.02447030790963254
0.024596338627134173
0.025495784412009927
0.025588256168907718
0.02719408115110582
0.025596215140035385
0.024457507914894448
0.024975333343468263
0.023809056898858216
0.027744562976567976
0.02424770287273077
0.024465056629696846
0.025363271645869646
0.025803886849644186
0.024570574535141533
0.025663907419948374
0.02457443094381233
0.02413422599622663
0.030058654334902714
0.024561138641570324
0.024995435899313634
0.026488194261264652
0.03452552429721436
0.05330360890109205
0.124184072129583
0.07574068687556519
0.04452412532343715
0.036431082489821166
0.036343697910228914
0.02717045039162258
0.023888400456053206
0.02256433946076868
0.02225582676680915
0.02359514929432862
0.02489656414500132
0.024458164324869358
0.02605840982216705
0.029692459613352186
0.027416029778055417
0.048468739089753396
0.05646003837534863
0.042936351615844616
0.046500493743383234
0.03538755471277
0.04357110007340452
0.036900989989271694
0.08241842772577002
0.057863935235332065
0.04944752843175593
0.04206299812803991
0.061618846515330006
0.05071612278316025
0.03632334920071116
0.033195965868299024
0.028386039636484384
0.029841628782878615
0.027944193663938677
0.03160417164956471
0.02829873710818447
0.03518702146172927
0.04777532398964013
0.05586721810575455
0.048477026265800305
0.04004626049384115
0.03627255947792492
0.04219149038297019
0.06188182076643898
0.06000629333077541
0.05227936316744035
0.03563978025033521
0.03986533749114187
0.0389915737470119
0.042519449222800175
0.037012415584672456
0.04702389865685745
0.03706427197366793
0.032212335502663336
0.02806841925396384
0.030744520720145375
0.025076830737725687
0.02693241972006035
0.028528398552452927
0.028945793253024023
0.029264480301731056
0.028106983340740042
0.031730366469605545
0.02774727066775995
0.026169343110018416
0.03925627107437322
0.02600942522690275
0.02708085042838775
0.02950603917697663
0.027310101616376415
0.030230551700287833
0.031826776686421
0.03043978238370073
0.030451023404725674
0.03167563828690163
0.03564954434887113
0.029034162447510427
0.03613791337932071
0.04008031176194891
0.027988255184300214
0.0277640911736853
0.029758757022068493
0.029904808244168635
0.02726325035350783
0.02987526979475206
0.031071412893788876
0.030543166956636014
0.029295167468603722
0.02893996761438302
0.026868665900019552
0.028742306156959784
0.033575206738396444
0.04607448366177778
0.06367866105492795
0.03544293930547156
0.03676412850700217
0.03719924627723685
0.038402691937358215
0.029122121385807987
0.031144520556085808
0.03157012038147968
0.030368972156315975
0.03323026329017011
0.04710504734148344
0.03504047793207974
0.035599821292407796
0.03319744279078805
0.03617418003111652
0.03149709477042961
0.03617877490103183
0.035563308486848653
0.027891516762474568
0.033815534844893594
0.027862306518022704
0.0294744494464112
0.028242449951812888
0.028187229461627793
0.029236664928544088
0.02910718805860597
0.031800356184476186
0.02887260353943475
0.02883108560774872
0.028227270470893018
0.02793270648917314
0.02967834679866428
0.029317895664416938
0.033143042813117064
0.03222710472734889
0.04997659488137742
0.02850599856167264
0.03360310416276206
0.02934357770523093
0.029761874969517522
0.030898612964665517
0.030844623243228852
0.02822505508715949
0.029030388090131965
0.028883516355517714
0.029549280184915004
0.029096521396286334
0.0352508573329942
0.03922763518862667
0.028620460053161878
0.032387679020439465
0.029372870000906916
0.031309525616597965
0.03619264156200188
0.029808890334788885
0.03391539121421374
0.03547666236852365
0.029755392920878875
0.031651187014881545
0.033093483859079245
0.029677854491114885
0.04541257624098307
0.031057874437829015
0.03270570965917159
0.032416150803646814
0.031222797447048832
0.031454756326229474
0.02943867510207383
0.02963641861067572
0.03106443853764631
0.02793287059164413
0.028963188117654682
0.029958633863157048
0.029246757232090203
0.03630710305349112
0.03403116552569827
0.028243516618022112
0.033450406789575025
0.029517198146777446
0.03233048930028417
0.02928433670388131
0.028498942154283214
0.02984220314167487
0.031182100027854175
0.03228322778124948
0.03187190487305998
0.03004921844128603
0.031793545930850084
0.02906000859077267
0.028844459961260328
0.029843598012871553
0.03079686941664477
0.03008523893936399
0.03231424315313234
0.028637362610288618
0.02907395730301232
0.02823038841831931
0.027757855278832722
0.029019885530328794
0.03119137181890892
0.02781192705151625
0.030148336349407147
0.028018614146208164
0.029259229021863575
0.029666531418865816
0.029776398040462483
0.02990718773039589
0.030193546587224774
0.02926513671175144
0.02842649090196119
0.03012322866741215
0.02984351596162469
0.030551454132705658
0.028022798759843683
0.028766757429002608
0.030684541257642195
0.028602408778533574
0.029709608324242253
0.028441752434127922
0.03857984058263355
0.03061717718269392
0.03254464305859983
0.03391022198550218
0.0295928493978181
0.03128047947466257
0.03223768933837619
0.031936725359310005
0.031788622855924584
0.030633997688596537
0.03364224260831179
0.0316998434052266
0.0325070635868542
0.03355411956754324
0.034559657616546245
0.03356322725610426
0.033351781188980564
0.031032438550755614
0.029213280322710488
0.028934059924517898
0.03157003833023282
0.03232433545670119
0.02905992653954854
0.028550552389492622
0.03169918699520622
0.031204253864893873
0.03231834571554373
0.032621443027119314
0.032126263743066374
0.02855654213062735
0.031266530762468395
0.03002550563053319
0.03011206969763407
0.028454306275125418
0.031095453909551908
0.04053093721806818
0.03206759710049027
0.03502455998991536
0.03605824161713826
0.03698952328636551
0.06012214969348406
0.045237068620713215
0.050767733018369655
0.03358866314313218
0.03492494977438128
0.03240737132005052
0.030325813199669937
0.02961303400493307
0.03069890022609343
0.03147978195700034
0.032989196722382985
0.03728860008673109
0.03335645811018821
0.029261362354327504
0.031159617985827025
0.030753300203787148
0.03033459268322076
0.02943826484586225
0.03033434652950291
0.0339600270933488
0.04032457832838645
0.031453443506279655
0.03194345356164376
0.03277520706658379
0.03926127620050011
0.035358590622149674
0.03498304205818385
0.03289336086427284
0.03434361667952999
0.03332905299319009
0.030889669378598227
0.03396798606443099
0.03382505278968893
0.03164651009374211
0.030617095131469797
0.03414940137461144
0.040706444838315294
0.03137467430778997
0.0306399053784844
0.0318102843854831
0.03119613079136343
0.03273836605608267
0.03233885852766889
0.029653977577868317
0.03325734020211257
0.032189032948053864
0.03196495098873129
0.035616723849557275
0.039886916969453526
0.03268962761449075
0.031615576773037904
0.03248244821231765
0.03174070492686951
0.030826489917353685
0.031430387105410774
0.030840356578300997
0.03226607907033667
0.03136318713304718
0.03367801695260368
0.03145959734990811
0.033688765666124706
0.034071698842376465
0.030249095282420056
0.031368274310443665
0.03450894994505234
0.030532582345608718
0.03097327960072107
0.03141241788212028
0.033534099062922
0.03172207929351316
0.030550879773977614
0.03187026384807723
0.031174141056771985
0.032075391969056
0.03068339254011789
0.032169094494747696
0.032364868773402125
0.032325648276651006
0.03264072507049605
0.03533134960764528
0.03298312492997866
0.032709319914124534
0.03204511505844039
0.03231645853684313
0.0303923567621041
0.03278866347129679
0.03234673544748148
0.03215457142378
0.03018460300118022
0.03297672493263235
0.03367243746772601
0.03400441681869779
0.031832438222568274
0.03449139097788247
0.0310167667623773
0.050147835836787634
0.03656367730716283
0.03500248820414527
0.032942345459537135
0.03699723610372985
0.03471596524470897
0.03522993426461198
0.03893282505323441
0.03569606740670679
0.034351001291906866
0.03655735936106339
0.04039136804453847
0.041224352318249655
0.03512047789929511
0.033460663195660344
0.041698690585144506
0.03275715579197822
0.03181151515425427
0.03143604864162626
0.03218550474437052
0.03439473460730369
0.04967505654360593
0.03445676535106941
0.035379759844181534
0.03624622102718149
0.039320435150625596
0.036474733753971124
0.03498090872578814
0.03645602606934517
0.03910505062353877
0.0359876775434941
0.03318800689723957
0.03379321690533743
0.03620880565792959
0.03680991310361605
0.035503821331781184
