[3, 4, 5.0]
[5, 12, 13.0]
[7, 24, 25.0]
[8, 15, 17.0]
[9, 40, 41.0]
[11, 60, 61.0]
[12, 35, 37.0]
[13, 84, 85.0]
[15, 112, 113.0]
[16, 63, 65.0]
[17, 144, 145.0]
[19, 180, 181.0]
[20, 21, 29.0]
[20, 99, 101.0]
[21, 220, 221.0]
[23, 264, 265.0]
[24, 143, 145.0]
[25, 312, 313.0]
[27, 364, 365.0]
[28, 45, 53.0]
[28, 195, 197.0]
[29, 420, 421.0]
[31, 480, 481.0]
[32, 255, 257.0]
[33, 56, 65.0]
[33, 544, 545.0]
[35, 612, 613.0]
[36, 77, 85.0]
[36, 323, 325.0]
[37, 684, 685.0]
[39, 80, 89.0]
[39, 760, 761.0]
[40, 399, 401.0]
[41, 840, 841.0]
[43, 924, 925.0]
[44, 117, 125.0]
[44, 483, 485.0]
[45, 1012, 1013.0]
[47, 1104, 1105.0]
[48, 55, 73.0]
[48, 575, 577.0]
[49, 1200, 1201.0]
[51, 140, 149.0]
[51, 1300, 1301.0]
[52, 165, 173.0]
[52, 675, 677.0]
[53, 1404, 1405.0]
[55, 1512, 1513.0]
[56, 783, 785.0]
[57, 176, 185.0]
[57, 1624, 1625.0]
[59, 1740, 1741.0]
[60, 91, 109.0]
[60, 221, 229.0]
[60, 899, 901.0]
[61, 1860, 1861.0]
[63, 1984, 1985.0]
[64, 1023, 1025.0]
[65, 72, 97.0]
[65, 2112, 2113.0]
[67, 2244, 2245.0]
[68, 285, 293.0]
[68, 1155, 1157.0]
[69, 260, 269.0]
[69, 2380, 2381.0]
[71, 2520, 2521.0]
[72, 1295, 1297.0]
[73, 2664, 2665.0]
[75, 308, 317.0]
[75, 2812, 2813.0]
[76, 357, 365.0]
[76, 1443, 1445.0]
[77, 2964, 2965.0]
[79, 3120, 3121.0]
[80, 1599, 1601.0]
[81, 3280, 3281.0]
[83, 3444, 3445.0]
[84, 187, 205.0]
[84, 437, 445.0]
[84, 1763, 1765.0]
[85, 132, 157.0]
[85, 3612, 3613.0]
[87, 416, 425.0]
[87, 3784, 3785.0]
[88, 105, 137.0]
[88, 1935, 1937.0]
[89, 3960, 3961.0]
[91, 4140, 4141.0]
[92, 525, 533.0]
[92, 2115, 2117.0]
[93, 476, 485.0]
[93, 4324, 4325.0]
[95, 168, 193.0]
[95, 4512, 4513.0]
[96, 247, 265.0]
[96, 2303, 2305.0]
[97, 4704, 4705.0]
[99, 4900, 4901.0]
[100, 621, 629.0]
[100, 2499, 2501.0]
[101, 5100, 5101.0]
[103, 5304, 5305.0]
[104, 153, 185.0]
[104, 2703, 2705.0]
[105, 208, 233.0]
[105, 608, 617.0]
[105, 5512, 5513.0]
[107, 5724, 5725.0]
[108, 725, 733.0]
[108, 2915, 2917.0]
[109, 5940, 5941.0]
[111, 680, 689.0]
[111, 6160, 6161.0]
[112, 3135, 3137.0]
[113, 6384, 6385.0]
[115, 252, 277.0]
[115, 6612, 6613.0]
[116, 837, 845.0]
[116, 3363, 3365.0]
[117, 6844, 6845.0]
[119, 120, 169.0]
[119, 7080, 7081.0]
[120, 209, 241.0]
[120, 391, 409.0]
[120, 3599, 3601.0]
[121, 7320, 7321.0]
[123, 836, 845.0]
[123, 7564, 7565.0]
[124, 957, 965.0]
[124, 3843, 3845.0]
[125, 7812, 7813.0]
[127, 8064, 8065.0]
[128, 4095, 4097.0]
[129, 920, 929.0]
[129, 8320, 8321.0]
[131, 8580, 8581.0]
[132, 475, 493.0]
[132, 1085, 1093.0]
[132, 4355, 4357.0]
[133, 156, 205.0]
[133, 8844, 8845.0]
[135, 352, 377.0]
[135, 9112, 9113.0]
[136, 273, 305.0]
[136, 4623, 4625.0]
[137, 9384, 9385.0]
[139, 9660, 9661.0]
[140, 171, 221.0]
[140, 1221, 1229.0]
[140, 4899, 4901.0]
[141, 1100, 1109.0]
[141, 9940, 9941.0]
[143, 10224, 10225.0]
[144, 5183, 5185.0]
[145, 408, 433.0]
[145, 10512, 10513.0]
[147, 1196, 1205.0]
[147, 10804, 10805.0]
[148, 1365, 1373.0]
[148, 5475, 5477.0]
[149, 11100, 11101.0]
[151, 11400, 11401.0]
[152, 345, 377.0]
[152, 5775, 5777.0]
[153, 11704, 11705.0]
[155, 468, 493.0]
[155, 12012, 12013.0]
[156, 667, 685.0]
[156, 1517, 1525.0]
[156, 6083, 6085.0]
[157, 12324, 12325.0]
[159, 1400, 1409.0]
[159, 12640, 12641.0]
[160, 231, 281.0]
[160, 6399, 6401.0]
[161, 240, 289.0]
[161, 12960, 12961.0]
[163, 13284, 13285.0]
[164, 1677, 1685.0]
[164, 6723, 6725.0]
[165, 532, 557.0]
[165, 1508, 1517.0]
[165, 13612, 13613.0]
[167, 13944, 13945.0]
[168, 425, 457.0]
[168, 775, 793.0]
[168, 7055, 7057.0]
[169, 14280, 14281.0]
[171, 14620, 14621.0]
[172, 1845, 1853.0]
[172, 7395, 7397.0]
[173, 14964, 14965.0]
[175, 288, 337.0]
[175, 15312, 15313.0]
[176, 7743, 7745.0]
[177, 1736, 1745.0]
[177, 15664, 15665.0]
[179, 16020, 16021.0]
[180, 299, 349.0]
[180, 2021, 2029.0]
[180, 8099, 8101.0]
[181, 16380, 16381.0]
[183, 1856, 1865.0]
[183, 16744, 16745.0]
[184, 513, 545.0]
[184, 8463, 8465.0]
[185, 672, 697.0]
[185, 17112, 17113.0]
[187, 17484, 17485.0]
[188, 2205, 2213.0]
[188, 8835, 8837.0]
[189, 340, 389.0]
[189, 17860, 17861.0]
[191, 18240, 18241.0]
[192, 1015, 1033.0]
[192, 9215, 9217.0]
[193, 18624, 18625.0]
[195, 748, 773.0]
[195, 2108, 2117.0]
[195, 19012, 19013.0]
[196, 2397, 2405.0]
[196, 9603, 9605.0]
[197, 19404, 19405.0]
[199, 19800, 19801.0]
[200, 609, 641.0]
[200, 9999, 10001.0]
[201, 2240, 2249.0]
[201, 20200, 20201.0]
[203, 396, 445.0]
[203, 20604, 20605.0]
[204, 253, 325.0]
[204, 1147, 1165.0]
[204, 2597, 2605.0]
[204, 10403, 10405.0]
[205, 828, 853.0]
[205, 21012, 21013.0]
[207, 224, 305.0]
[207, 21424, 21425.0]
[208, 10815, 10817.0]
[209, 21840, 21841.0]
[211, 22260, 22261.0]
[212, 2805, 2813.0]
[212, 11235, 11237.0]
[213, 2516, 2525.0]
[213, 22684, 22685.0]
[215, 912, 937.0]
[215, 23112, 23113.0]
[216, 713, 745.0]
[216, 11663, 11665.0]
[217, 456, 505.0]
[217, 23544, 23545.0]
[219, 2660, 2669.0]
[219, 23980, 23981.0]
[220, 459, 509.0]
[220, 3021, 3029.0]
[220, 12099, 12101.0]
[221, 24420, 24421.0]
[223, 24864, 24865.0]
[224, 12543, 12545.0]
[225, 272, 353.0]
[225, 25312, 25313.0]
[227, 25764, 25765.0]
[228, 325, 397.0]
[228, 1435, 1453.0]
[228, 3245, 3253.0]
[228, 12995, 12997.0]
[229, 26220, 26221.0]
[231, 520, 569.0]
[231, 2960, 2969.0]
[231, 26680, 26681.0]
[232, 825, 857.0]
[232, 13455, 13457.0]
[233, 27144, 27145.0]
[235, 1092, 1117.0]
[235, 27612, 27613.0]
[236, 3477, 3485.0]
[236, 13923, 13925.0]
[237, 3116, 3125.0]
[237, 28084, 28085.0]
[239, 28560, 28561.0]
[240, 551, 601.0]
[240, 1591, 1609.0]
[240, 14399, 14401.0]
[241, 29040, 29041.0]
[243, 29524, 29525.0]
[244, 3717, 3725.0]
[244, 14883, 14885.0]
[245, 1188, 1213.0]
[245, 30012, 30013.0]
[247, 30504, 30505.0]
[248, 945, 977.0]
[248, 15375, 15377.0]
[249, 3440, 3449.0]
[249, 31000, 31001.0]
[251, 31500, 31501.0]
[252, 275, 373.0]
[252, 3965, 3973.0]
[252, 15875, 15877.0]
[253, 32004, 32005.0]
[255, 1288, 1313.0]
[255, 3608, 3617.0]
[255, 32512, 32513.0]
[256, 16383, 16385.0]
[257, 33024, 33025.0]
[259, 660, 709.0]
[259, 33540, 33541.0]
[260, 651, 701.0]
[260, 4221, 4229.0]
[260, 16899, 16901.0]
[261, 380, 461.0]
[261, 34060, 34061.0]
[263, 34584, 34585.0]
[264, 1073, 1105.0]
[264, 1927, 1945.0]
[264, 17423, 17425.0]
[265, 1392, 1417.0]
[265, 35112, 35113.0]
[267, 3956, 3965.0]
[267, 35644, 35645.0]
[268, 4485, 4493.0]
[268, 17955, 17957.0]
[269, 36180, 36181.0]
[271, 36720, 36721.0]
[272, 18495, 18497.0]
[273, 736, 785.0]
[273, 4136, 4145.0]
[273, 37264, 37265.0]
[275, 37812, 37813.0]
[276, 493, 565.0]
[276, 2107, 2125.0]
[276, 4757, 4765.0]
[276, 19043, 19045.0]
[277, 38364, 38365.0]
[279, 440, 521.0]
[279, 38920, 38921.0]
[280, 351, 449.0]
[280, 759, 809.0]
[280, 1209, 1241.0]
[280, 19599, 19601.0]
[281, 39480, 39481.0]
[283, 40044, 40045.0]
[284, 5037, 5045.0]
[284, 20163, 20165.0]
[285, 1612, 1637.0]
[285, 4508, 4517.0]
[285, 40612, 40613.0]
[287, 816, 865.0]
[287, 41184, 41185.0]
[288, 20735, 20737.0]
[289, 41760, 41761.0]
[291, 4700, 4709.0]
[291, 42340, 42341.0]
[292, 5325, 5333.0]
[292, 21315, 21317.0]
[293, 42924, 42925.0]
[295, 1728, 1753.0]
[295, 43512, 43513.0]
[296, 1353, 1385.0]
[296, 21903, 21905.0]
[297, 304, 425.0]
[297, 44104, 44105.0]
[299, 44700, 44701.0]
[300, 589, 661.0]
[300, 2491, 2509.0]
[300, 5621, 5629.0]
[300, 22499, 22501.0]
[301, 900, 949.0]
[301, 45300, 45301.0]
[303, 5096, 5105.0]
[303, 45904, 45905.0]
[304, 23103, 23105.0]
[305, 1848, 1873.0]
[305, 46512, 46513.0]
[307, 47124, 47125.0]
[308, 435, 533.0]
[308, 5925, 5933.0]
[308, 23715, 23717.0]
[309, 5300, 5309.0]
[309, 47740, 47741.0]
[311, 48360, 48361.0]
[312, 1505, 1537.0]
[312, 2695, 2713.0]
[312, 24335, 24337.0]
[313, 48984, 48985.0]
[315, 572, 653.0]
[315, 988, 1037.0]
[315, 1972, 1997.0]
[315, 49612, 49613.0]
[316, 6237, 6245.0]
[316, 24963, 24965.0]
[317, 50244, 50245.0]
[319, 360, 481.0]
[319, 50880, 50881.0]
[320, 999, 1049.0]
[320, 25599, 25601.0]
[321, 5720, 5729.0]
[321, 51520, 51521.0]
[323, 52164, 52165.0]
[324, 6557, 6565.0]
[324, 26243, 26245.0]
[325, 52812, 52813.0]
[327, 5936, 5945.0]
[327, 53464, 53465.0]
[328, 1665, 1697.0]
[328, 26895, 26897.0]
[329, 1080, 1129.0]
[329, 54120, 54121.0]
[331, 54780, 54781.0]
[332, 6885, 6893.0]
[332, 27555, 27557.0]
[333, 644, 725.0]
[333, 55444, 55445.0]
[335, 2232, 2257.0]
[335, 56112, 56113.0]
[336, 377, 505.0]
[336, 527, 625.0]
[336, 3127, 3145.0]
[336, 28223, 28225.0]
[337, 56784, 56785.0]
[339, 6380, 6389.0]
[339, 57460, 57461.0]
[340, 1131, 1181.0]
[340, 7221, 7229.0]
[340, 28899, 28901.0]
[341, 420, 541.0]
[341, 58140, 58141.0]
[343, 58824, 58825.0]
[344, 1833, 1865.0]
[344, 29583, 29585.0]
[345, 2368, 2393.0]
[345, 6608, 6617.0]
[345, 59512, 59513.0]
[347, 60204, 60205.0]
[348, 805, 877.0]
[348, 3355, 3373.0]
[348, 7565, 7573.0]
[348, 30275, 30277.0]
[349, 60900, 60901.0]
[351, 61600, 61601.0]
[352, 30975, 30977.0]
[353, 62304, 62305.0]
[355, 2508, 2533.0]
[355, 63012, 63013.0]
[356, 7917, 7925.0]
[356, 31683, 31685.0]
[357, 1276, 1325.0]
[357, 7076, 7085.0]
[357, 63724, 63725.0]
[359, 64440, 64441.0]
[360, 1271, 1321.0]
[360, 2009, 2041.0]
[360, 32399, 32401.0]
[361, 65160, 65161.0]
[363, 7316, 7325.0]
[363, 65884, 65885.0]
[364, 627, 725.0]
[364, 8277, 8285.0]
[364, 33123, 33125.0]
[365, 2652, 2677.0]
[365, 66612, 66613.0]
[367, 67344, 67345.0]
[368, 465, 593.0]
[368, 33855, 33857.0]
[369, 800, 881.0]
[369, 68080, 68081.0]
[371, 1380, 1429.0]
[371, 68820, 68821.0]
[372, 925, 997.0]
[372, 3835, 3853.0]
[372, 8645, 8653.0]
[372, 34595, 34597.0]
[373, 69564, 69565.0]
[375, 7808, 7817.0]
[375, 70312, 70313.0]
[376, 2193, 2225.0]
[376, 35343, 35345.0]
[377, 71064, 71065.0]
[379, 71820, 71821.0]
[380, 1419, 1469.0]
[380, 9021, 9029.0]
[380, 36099, 36101.0]
[381, 8060, 8069.0]
[381, 72580, 72581.0]
[383, 73344, 73345.0]
[384, 4087, 4105.0]
[384, 36863, 36865.0]
[385, 552, 673.0]
[385, 1488, 1537.0]
[385, 2952, 2977.0]
[385, 74112, 74113.0]
[387, 884, 965.0]
[387, 74884, 74885.0]
[388, 9405, 9413.0]
[388, 37635, 37637.0]
[389, 75660, 75661.0]
[391, 76440, 76441.0]
[392, 2385, 2417.0]
[392, 38415, 38417.0]
[393, 8576, 8585.0]
[393, 77224, 77225.0]
[395, 3108, 3133.0]
[395, 78012, 78013.0]
[396, 403, 565.0]
[396, 9797, 9805.0]
[396, 39203, 39205.0]
[397, 78804, 78805.0]
[399, 1600, 1649.0]
[399, 8840, 8849.0]
[399, 79600, 79601.0]
[400, 561, 689.0]
[400, 39999, 40001.0]
[401, 80400, 80401.0]
[403, 81204, 81205.0]
[404, 10197, 10205.0]
[404, 40803, 40805.0]
[405, 3268, 3293.0]
[405, 82012, 82013.0]
[407, 624, 745.0]
[407, 82824, 82825.0]
[408, 2585, 2617.0]
[408, 4615, 4633.0]
[408, 41615, 41617.0]
[409, 83640, 83641.0]
[411, 9380, 9389.0]
[411, 84460, 84461.0]
[412, 10605, 10613.0]
[412, 42435, 42437.0]
[413, 1716, 1765.0]
[413, 85284, 85285.0]
[415, 3432, 3457.0]
[415, 86112, 86113.0]
[416, 43263, 43265.0]
[417, 9656, 9665.0]
[417, 86944, 86945.0]
[419, 87780, 87781.0]
[420, 851, 949.0]
[420, 1189, 1261.0]
[420, 1739, 1789.0]
[420, 4891, 4909.0]
[420, 11021, 11029.0]
[420, 44099, 44101.0]
[421, 88620, 88621.0]
[423, 1064, 1145.0]
[423, 89464, 89465.0]
[424, 2793, 2825.0]
[424, 44943, 44945.0]
[425, 90312, 90313.0]
[427, 1836, 1885.0]
[427, 91164, 91165.0]
[428, 11445, 11453.0]
[428, 45795, 45797.0]
[429, 460, 629.0]
[429, 700, 821.0]
[429, 10220, 10229.0]
[429, 92020, 92021.0]
[431, 92880, 92881.0]
[432, 665, 793.0]
[432, 46655, 46657.0]
[433, 93744, 93745.0]
[435, 3772, 3797.0]
[435, 10508, 10517.0]
[435, 94612, 94613.0]
[436, 11877, 11885.0]
[436, 47523, 47525.0]
[437, 95484, 95485.0]
[439, 96360, 96361.0]
[440, 1911, 1961.0]
[440, 3009, 3041.0]
[440, 48399, 48401.0]
[441, 1160, 1241.0]
[441, 97240, 97241.0]
[443, 98124, 98125.0]
[444, 1333, 1405.0]
[444, 5467, 5485.0]
[444, 12317, 12325.0]
[444, 49283, 49285.0]
[445, 3948, 3973.0]
[445, 99012, 99013.0]
[447, 11096, 11105.0]
[447, 99904, 99905.0]
[448, 975, 1073.0]
[448, 50175, 50177.0]
[449, 100800, 100801.0]
[451, 780, 901.0]
[451, 101700, 101701.0]
[452, 12765, 12773.0]
[452, 51075, 51077.0]
[453, 11396, 11405.0]
[453, 102604, 102605.0]
[455, 528, 697.0]
[455, 2088, 2137.0]
[455, 4128, 4153.0]
[455, 103512, 103513.0]
[456, 3233, 3265.0]
[456, 5767, 5785.0]
[456, 51983, 51985.0]
[457, 104424, 104425.0]
[459, 105340, 105341.0]
[460, 2091, 2141.0]
[460, 13221, 13229.0]
[460, 52899, 52901.0]
[461, 106260, 106261.0]
[463, 107184, 107185.0]
[464, 777, 905.0]
[464, 53823, 53825.0]
[465, 4312, 4337.0]
[465, 12008, 12017.0]
[465, 108112, 108113.0]
[467, 109044, 109045.0]
[468, 595, 757.0]
[468, 13685, 13693.0]
[468, 54755, 54757.0]
[469, 2220, 2269.0]
[469, 109980, 109981.0]
[471, 12320, 12329.0]
[471, 110920, 110921.0]
[472, 3465, 3497.0]
[472, 55695, 55697.0]
[473, 864, 985.0]
[473, 111864, 111865.0]
[475, 112812, 112813.0]
[476, 1107, 1205.0]
[476, 14157, 14165.0]
[476, 56643, 56645.0]
[477, 1364, 1445.0]
[477, 113764, 113765.0]
[479, 114720, 114721.0]
[480, 2279, 2329.0]
[480, 6391, 6409.0]
[480, 57599, 57601.0]
[481, 600, 769.0]
[481, 115680, 115681.0]
[483, 2356, 2405.0]
[483, 12956, 12965.0]
[483, 116644, 116645.0]
[484, 14637, 14645.0]
[484, 58563, 58565.0]
[485, 4692, 4717.0]
[485, 117612, 117613.0]
[487, 118584, 118585.0]
[488, 3705, 3737.0]
[488, 59535, 59537.0]
[489, 13280, 13289.0]
[489, 119560, 119561.0]
[491, 120540, 120541.0]
[492, 1645, 1717.0]
[492, 6715, 6733.0]
[492, 15125, 15133.0]
[492, 60515, 60517.0]
[493, 121524, 121525.0]
[495, 952, 1073.0]
[495, 1472, 1553.0]
[495, 4888, 4913.0]
[495, 122512, 122513.0]
[496, 897, 1025.0]
[496, 61503, 61505.0]
[497, 2496, 2545.0]
[497, 123504, 123505.0]
[499, 124500, 124501.0]
[500, 15621, 15629.0]
[500, 62499, 62501.0]
[501, 13940, 13949.0]
[501, 125500, 125501.0]
[503, 126504, 126505.0]
[504, 703, 865.0]
[504, 1247, 1345.0]
[504, 3953, 3985.0]
[504, 63503, 63505.0]
[505, 5088, 5113.0]
[505, 127512, 127513.0]
[507, 14276, 14285.0]
[507, 128524, 128525.0]
[508, 16125, 16133.0]
[508, 64515, 64517.0]
[509, 129540, 129541.0]
[511, 2640, 2689.0]
[511, 130560, 130561.0]
[512, 65535, 65537.0]
[513, 131584, 131585.0]
[515, 5292, 5317.0]
[515, 132612, 132613.0]
[516, 1813, 1885.0]
[516, 7387, 7405.0]
[516, 16637, 16645.0]
[516, 66563, 66565.0]
[517, 1044, 1165.0]
[517, 133644, 133645.0]
[519, 14960, 14969.0]
[519, 134680, 134681.0]
[520, 2679, 2729.0]
[520, 4209, 4241.0]
[520, 67599, 67601.0]
[521, 135720, 135721.0]
[523, 136764, 136765.0]
[524, 17157, 17165.0]
[524, 68643, 68645.0]
[525, 2788, 2837.0]
[525, 15308, 15317.0]
[525, 137812, 137813.0]
[527, 138864, 138865.0]
[528, 1025, 1153.0]
[528, 7735, 7753.0]
[528, 69695, 69697.0]
[529, 139920, 139921.0]
[531, 1700, 1781.0]
[531, 140980, 140981.0]
[532, 1395, 1493.0]
[532, 17685, 17693.0]
[532, 70755, 70757.0]
[533, 756, 925.0]
[533, 142044, 142045.0]
[535, 5712, 5737.0]
[535, 143112, 143113.0]
[536, 4473, 4505.0]
[536, 71823, 71825.0]
[537, 16016, 16025.0]
[537, 144184, 144185.0]
[539, 1140, 1261.0]
[539, 145260, 145261.0]
[540, 629, 829.0]
[540, 2891, 2941.0]
[540, 18221, 18229.0]
[540, 72899, 72901.0]
[541, 146340, 146341.0]
[543, 16376, 16385.0]
[543, 147424, 147425.0]
[544, 73983, 73985.0]
[545, 5928, 5953.0]
[545, 148512, 148513.0]
[547, 149604, 149605.0]
[548, 18765, 18773.0]
[548, 75075, 75077.0]
[549, 1820, 1901.0]
[549, 150700, 150701.0]
[551, 151800, 151801.0]
[552, 4745, 4777.0]
[552, 8455, 8473.0]
[552, 76175, 76177.0]
[553, 3096, 3145.0]
[553, 152904, 152905.0]
[555, 572, 797.0]
[555, 6148, 6173.0]
[555, 17108, 17117.0]
[555, 154012, 154013.0]
[556, 19317, 19325.0]
[556, 77283, 77285.0]
[557, 155124, 155125.0]
[559, 840, 1009.0]
[559, 156240, 156241.0]
[560, 1161, 1289.0]
[560, 1551, 1649.0]
[560, 3111, 3161.0]
[560, 78399, 78401.0]
[561, 1240, 1361.0]
[561, 17480, 17489.0]
[561, 157360, 157361.0]
[563, 158484, 158485.0]
[564, 2173, 2245.0]
[564, 8827, 8845.0]
[564, 19877, 19885.0]
[564, 79523, 79525.0]
[565, 6372, 6397.0]
[565, 159612, 159613.0]
[567, 3256, 3305.0]
[567, 160744, 160745.0]
[568, 5025, 5057.0]
[568, 80655, 80657.0]
[569, 161880, 161881.0]
[571, 163020, 163021.0]
[572, 20445, 20453.0]
[572, 81795, 81797.0]
[573, 18236, 18245.0]
[573, 164164, 164165.0]
[575, 165312, 165313.0]
[576, 943, 1105.0]
[576, 82943, 82945.0]
[577, 166464, 166465.0]
[579, 18620, 18629.0]
[579, 167620, 167621.0]
[580, 741, 941.0]
[580, 3339, 3389.0]
[580, 21021, 21029.0]
[580, 84099, 84101.0]
[581, 3420, 3469.0]
[581, 168780, 168781.0]
[583, 1344, 1465.0]
[583, 169944, 169945.0]
[584, 5313, 5345.0]
[584, 85263, 85265.0]
[585, 928, 1097.0]
[585, 2072, 2153.0]
[585, 6832, 6857.0]
[585, 171112, 171113.0]
[587, 172284, 172285.0]
[588, 2365, 2437.0]
[588, 9595, 9613.0]
[588, 21605, 21613.0]
[588, 86435, 86437.0]
[589, 173460, 173461.0]
[591, 19400, 19409.0]
[591, 174640, 174641.0]
[592, 1305, 1433.0]
[592, 87615, 87617.0]
[593, 175824, 175825.0]
[595, 3588, 3637.0]
[595, 7068, 7093.0]
[595, 177012, 177013.0]
[596, 22197, 22205.0]
[596, 88803, 88805.0]
[597, 19796, 19805.0]
[597, 178204, 178205.0]
[599, 179400, 179401.0]
[600, 5609, 5641.0]
[600, 9991, 10009.0]
[600, 89999, 90001.0]
[601, 180600, 180601.0]
[603, 2204, 2285.0]
[603, 181804, 181805.0]
[604, 22797, 22805.0]
[604, 91203, 91205.0]
[605, 7308, 7333.0]
[605, 183012, 183013.0]
[607, 184224, 184225.0]
[608, 92415, 92417.0]
[609, 3760, 3809.0]
[609, 20600, 20609.0]
[609, 185440, 185441.0]
[611, 1020, 1189.0]
[611, 186660, 186661.0]
[612, 1075, 1237.0]
[612, 23405, 23413.0]
[612, 93635, 93637.0]
[613, 187884, 187885.0]
[615, 728, 953.0]
[615, 7552, 7577.0]
[615, 21008, 21017.0]
[615, 189112, 189113.0]
[616, 663, 905.0]
[616, 1887, 1985.0]
[616, 5913, 5945.0]
[616, 94863, 94865.0]
[617, 190344, 190345.0]
[619, 191580, 191581.0]
[620, 861, 1061.0]
[620, 3819, 3869.0]
[620, 24021, 24029.0]
[620, 96099, 96101.0]
[621, 192820, 192821.0]
[623, 3936, 3985.0]
[623, 194064, 194065.0]
[624, 1457, 1585.0]
[624, 10807, 10825.0]
[624, 97343, 97345.0]
[625, 195312, 195313.0]
[627, 1564, 1685.0]
[627, 21836, 21845.0]
[627, 196564, 196565.0]
[628, 24645, 24653.0]
[628, 98595, 98597.0]
[629, 197820, 197821.0]
[631, 199080, 199081.0]
[632, 6225, 6257.0]
[632, 99855, 99857.0]
[633, 22256, 22265.0]
[633, 200344, 200345.0]
[635, 8052, 8077.0]
[635, 201612, 201613.0]
[636, 2773, 2845.0]
[636, 11227, 11245.0]
[636, 25277, 25285.0]
[636, 101123, 101125.0]
[637, 1116, 1285.0]
[637, 202884, 202885.0]
[639, 2480, 2561.0]
[639, 204160, 204161.0]
[640, 4071, 4121.0]
[640, 102399, 102401.0]
[641, 205440, 205441.0]
[643, 206724, 206725.0]
[644, 2067, 2165.0]
[644, 25917, 25925.0]
[644, 103683, 103685.0]
[645, 812, 1037.0]
[645, 8308, 8333.0]
[645, 23108, 23117.0]
[645, 208012, 208013.0]
[647, 209304, 209305.0]
[648, 6545, 6577.0]
[648, 104975, 104977.0]
[649, 1680, 1801.0]
[649, 210600, 210601.0]
[651, 4300, 4349.0]
[651, 23540, 23549.0]
[651, 211900, 211901.0]
[652, 26565, 26573.0]
[652, 106275, 106277.0]
[653, 213204, 213205.0]
[655, 8568, 8593.0]
[655, 214512, 214513.0]
[656, 1617, 1745.0]
[656, 107583, 107585.0]
[657, 2624, 2705.0]
[657, 215824, 215825.0]
[659, 217140, 217141.0]
[660, 779, 1021.0]
[660, 989, 1189.0]
[660, 2989, 3061.0]
[660, 4331, 4381.0]
[660, 12091, 12109.0]
[660, 27221, 27229.0]
[660, 108899, 108901.0]
[661, 218460, 218461.0]
[663, 1216, 1385.0]
[663, 24416, 24425.0]
[663, 219784, 219785.0]
[664, 6873, 6905.0]
[664, 110223, 110225.0]
[665, 4488, 4537.0]
[665, 8832, 8857.0]
[665, 221112, 221113.0]
[667, 222444, 222445.0]
[668, 27885, 27893.0]
[668, 111555, 111557.0]
[669, 24860, 24869.0]
[669, 223780, 223781.0]
[671, 1800, 1921.0]
[671, 225120, 225121.0]
[672, 2255, 2353.0]
[672, 12535, 12553.0]
[672, 112895, 112897.0]
[673, 226464, 226465.0]
[675, 227812, 227813.0]
[676, 28557, 28565.0]
[676, 114243, 114245.0]
[677, 229164, 229165.0]
[679, 4680, 4729.0]
[679, 230520, 230521.0]
[680, 4599, 4649.0]
[680, 7209, 7241.0]
[680, 115599, 115601.0]
[681, 25760, 25769.0]
[681, 231880, 231881.0]
[683, 233244, 233245.0]
[684, 1363, 1525.0]
[684, 29237, 29245.0]
[684, 116963, 116965.0]
[685, 9372, 9397.0]
[685, 234612, 234613.0]
[687, 26216, 26225.0]
[687, 235984, 235985.0]
[688, 1785, 1913.0]
[688, 118335, 118337.0]
[689, 1320, 1489.0]
[689, 237360, 237361.0]
[691, 238740, 238741.0]
[692, 29925, 29933.0]
[692, 119715, 119717.0]
[693, 1924, 2045.0]
[693, 2924, 3005.0]
[693, 4876, 4925.0]
[693, 240124, 240125.0]
[695, 9648, 9673.0]
[695, 241512, 241513.0]
[696, 697, 985.0]
[696, 7553, 7585.0]
[696, 13447, 13465.0]
[696, 121103, 121105.0]
[697, 242904, 242905.0]
[699, 27140, 27149.0]
[699, 244300, 244301.0]
[700, 2451, 2549.0]
[700, 30621, 30629.0]
[700, 122499, 122501.0]
[701, 245700, 245701.0]
[703, 247104, 247105.0]
[704, 903, 1145.0]
[704, 123903, 123905.0]
[705, 992, 1217.0]
[705, 9928, 9953.0]
[705, 27608, 27617.0]
[705, 248512, 248513.0]
[707, 5076, 5125.0]
[707, 249924, 249925.0]
[708, 3445, 3517.0]
[708, 13915, 13933.0]
[708, 31325, 31333.0]
[708, 125315, 125317.0]
[709, 251340, 251341.0]
[711, 3080, 3161.0]
[711, 252760, 252761.0]
[712, 7905, 7937.0]
[712, 126735, 126737.0]
[713, 254184, 254185.0]
[715, 1428, 1597.0]
[715, 2052, 2173.0]
[715, 10212, 10237.0]
[715, 255612, 255613.0]
[716, 32037, 32045.0]
[716, 128163, 128165.0]
[717, 28556, 28565.0]
[717, 257044, 257045.0]
[719, 258480, 258481.0]
[720, 1519, 1681.0]
[720, 1961, 2089.0]
[720, 5159, 5209.0]
[720, 129599, 129601.0]
[721, 5280, 5329.0]
[721, 259920, 259921.0]
[723, 29036, 29045.0]
[723, 261364, 261365.0]
[724, 32757, 32765.0]
[724, 131043, 131045.0]
[725, 262812, 262813.0]
[727, 264264, 264265.0]
[728, 2655, 2753.0]
[728, 8265, 8297.0]
[728, 132495, 132497.0]
[729, 265720, 265721.0]
[731, 780, 1069.0]
[731, 267180, 267181.0]
[732, 3685, 3757.0]
[732, 14875, 14893.0]
[732, 33485, 33493.0]
[732, 133955, 133957.0]
[733, 268644, 268645.0]
[735, 1088, 1313.0]
[735, 10792, 10817.0]
[735, 30008, 30017.0]
[735, 270112, 270113.0]
[736, 135423, 135425.0]
[737, 2184, 2305.0]
[737, 271584, 271585.0]
[739, 273060, 273061.0]
[740, 1269, 1469.0]
[740, 5451, 5501.0]
[740, 34221, 34229.0]
[740, 136899, 136901.0]
[741, 1540, 1709.0]
[741, 30500, 30509.0]
[741, 274540, 274541.0]
[743, 276024, 276025.0]
[744, 817, 1105.0]
[744, 8633, 8665.0]
[744, 15367, 15385.0]
[744, 138383, 138385.0]
[745, 11088, 11113.0]
[745, 277512, 277513.0]
[747, 3404, 3485.0]
[747, 279004, 279005.0]
[748, 1035, 1277.0]
[748, 34965, 34973.0]
[748, 139875, 139877.0]
[749, 5700, 5749.0]
[749, 280500, 280501.0]
[751, 282000, 282001.0]
[752, 2145, 2273.0]
[752, 141375, 141377.0]
[753, 31496, 31505.0]
[753, 283504, 283505.0]
[755, 11388, 11413.0]
[755, 285012, 285013.0]
[756, 2867, 2965.0]
[756, 35717, 35725.0]
[756, 142883, 142885.0]
[757, 286524, 286525.0]
[759, 2320, 2441.0]
[759, 32000, 32009.0]
[759, 288040, 288041.0]
[760, 5751, 5801.0]
[760, 9009, 9041.0]
[760, 144399, 144401.0]
[761, 289560, 289561.0]
[763, 5916, 5965.0]
[763, 291084, 291085.0]
[764, 36477, 36485.0]
[764, 145923, 145925.0]
[765, 868, 1157.0]
[765, 3572, 3653.0]
[765, 11692, 11717.0]
[765, 292612, 292613.0]
[767, 1656, 1825.0]
[767, 294144, 294145.0]
[768, 16375, 16393.0]
[768, 147455, 147457.0]
[769, 295680, 295681.0]
[771, 33020, 33029.0]
[771, 297220, 297221.0]
[772, 37245, 37253.0]
[772, 148995, 148997.0]
[773, 298764, 298765.0]
[775, 300312, 300313.0]
[776, 9393, 9425.0]
[776, 150543, 150545.0]
[777, 6136, 6185.0]
[777, 33536, 33545.0]
[777, 301864, 301865.0]
[779, 303420, 303421.0]
[780, 1421, 1621.0]
[780, 4189, 4261.0]
[780, 6059, 6109.0]
[780, 16891, 16909.0]
[780, 38021, 38029.0]
[780, 152099, 152101.0]
[781, 2460, 2581.0]
[781, 304980, 304981.0]
[783, 306544, 306545.0]
[784, 2337, 2465.0]
[784, 153663, 153665.0]
[785, 12312, 12337.0]
[785, 308112, 308113.0]
[787, 309684, 309685.0]
[788, 38805, 38813.0]
[788, 155235, 155237.0]
[789, 34580, 34589.0]
[789, 311260, 311261.0]
[791, 6360, 6409.0]
[791, 312840, 312841.0]
[792, 1175, 1417.0]
[792, 1855, 2017.0]
[792, 9785, 9817.0]
[792, 156815, 156817.0]
[793, 1776, 1945.0]
[793, 314424, 314425.0]
[795, 1292, 1517.0]
[795, 12628, 12653.0]
[795, 35108, 35117.0]
[795, 316012, 316013.0]
[796, 39597, 39605.0]
[796, 158403, 158405.0]
[797, 317604, 317605.0]
[799, 960, 1249.0]
[799, 319200, 319201.0]
[800, 159999, 160001.0]
[801, 3920, 4001.0]
[801, 320800, 320801.0]
[803, 2604, 2725.0]
[803, 322404, 322405.0]
[804, 4453, 4525.0]
[804, 17947, 17965.0]
[804, 40397, 40405.0]
[804, 161603, 161605.0]
[805, 6588, 6637.0]
[805, 12948, 12973.0]
[805, 324012, 324013.0]
[807, 36176, 36185.0]
[807, 325624, 325625.0]
[808, 10185, 10217.0]
[808, 163215, 163217.0]
[809, 327240, 327241.0]
[811, 328860, 328861.0]
[812, 3315, 3413.0]
[812, 41205, 41213.0]
[812, 164835, 164837.0]
[813, 36716, 36725.0]
[813, 330484, 330485.0]
[815, 13272, 13297.0]
[815, 332112, 332113.0]
[816, 2537, 2665.0]
[816, 18487, 18505.0]
[816, 166463, 166465.0]
[817, 333744, 333745.0]
[819, 1900, 2069.0]
[819, 4100, 4181.0]
[819, 6820, 6869.0]
[819, 335380, 335381.0]
[820, 1581, 1781.0]
[820, 6699, 6749.0]
[820, 42021, 42029.0]
[820, 168099, 168101.0]
[821, 337020, 337021.0]
[823, 338664, 338665.0]
[824, 10593, 10625.0]
[824, 169743, 169745.0]
[825, 2752, 2873.0]
[825, 37808, 37817.0]
[825, 340312, 340313.0]
[827, 341964, 341965.0]
[828, 2035, 2197.0]
[828, 42845, 42853.0]
[828, 171395, 171397.0]
[829, 343620, 343621.0]
[831, 38360, 38369.0]
[831, 345280, 345281.0]
[832, 855, 1193.0]
[832, 173055, 173057.0]
[833, 1056, 1345.0]
[833, 346944, 346945.0]
[835, 13932, 13957.0]
[835, 348612, 348613.0]
[836, 1323, 1565.0]
[836, 43677, 43685.0]
[836, 174723, 174725.0]
[837, 350284, 350285.0]
[839, 351960, 351961.0]
[840, 1081, 1369.0]
[840, 3551, 3649.0]
[840, 7031, 7081.0]
[840, 11009, 11041.0]
[840, 19591, 19609.0]
[840, 176399, 176401.0]
[841, 353640, 353641.0]
[843, 39476, 39485.0]
[843, 355324, 355325.0]
[844, 44517, 44525.0]
[844, 178083, 178085.0]
[845, 14268, 14293.0]
[845, 357012, 357013.0]
[847, 7296, 7345.0]
[847, 358704, 358705.0]
[848, 2745, 2873.0]
[848, 179775, 179777.0]
[849, 40040, 40049.0]
[849, 360400, 360401.0]
[851, 362100, 362101.0]
[852, 5005, 5077.0]
[852, 20155, 20173.0]
[852, 45365, 45373.0]
[852, 181475, 181477.0]
[853, 363804, 363805.0]
[855, 4472, 4553.0]
[855, 14608, 14633.0]
[855, 365512, 365513.0]
[856, 11433, 11465.0]
[856, 183183, 183185.0]
[857, 367224, 367225.0]
[859, 368940, 368941.0]
[860, 1749, 1949.0]
[860, 7371, 7421.0]
[860, 46221, 46229.0]
[860, 184899, 184901.0]
[861, 7540, 7589.0]
[861, 41180, 41189.0]
[861, 370660, 370661.0]
[863, 372384, 372385.0]
[864, 186623, 186625.0]
[865, 14952, 14977.0]
[865, 374112, 374113.0]
[867, 41756, 41765.0]
[867, 375844, 375845.0]
[868, 3795, 3893.0]
[868, 47085, 47093.0]
[868, 188355, 188357.0]
[869, 3060, 3181.0]
[869, 377580, 377581.0]
[871, 2160, 2329.0]
[871, 379320, 379321.0]
[872, 11865, 11897.0]
[872, 190095, 190097.0]
[873, 4664, 4745.0]
[873, 381064, 381065.0]
[875, 7788, 7837.0]
[875, 382812, 382813.0]
[876, 5293, 5365.0]
[876, 21307, 21325.0]
[876, 47957, 47965.0]
[876, 191843, 191845.0]
[877, 384564, 384565.0]
[879, 42920, 42929.0]
[879, 386320, 386321.0]
[880, 1479, 1721.0]
[880, 2961, 3089.0]
[880, 7719, 7769.0]
[880, 193599, 193601.0]
[881, 388080, 388081.0]
[883, 389844, 389845.0]
[884, 987, 1325.0]
[884, 48837, 48845.0]
[884, 195363, 195365.0]
[885, 1628, 1853.0]
[885, 15652, 15677.0]
[885, 43508, 43517.0]
[885, 391612, 391613.0]
[887, 393384, 393385.0]
[888, 1225, 1513.0]
[888, 12305, 12337.0]
[888, 21895, 21913.0]
[888, 197135, 197137.0]
[889, 8040, 8089.0]
[889, 395160, 395161.0]
[891, 3220, 3341.0]
[891, 396940, 396941.0]
[892, 49725, 49733.0]
[892, 198915, 198917.0]
[893, 924, 1285.0]
[893, 398724, 398725.0]
[895, 16008, 16033.0]
[895, 400512, 400513.0]
[896, 4047, 4145.0]
[896, 200703, 200705.0]
[897, 2296, 2465.0]
[897, 44696, 44705.0]
[897, 402304, 402305.0]
[899, 404100, 404101.0]
[900, 2419, 2581.0]
[900, 50621, 50629.0]
[900, 202499, 202501.0]
[901, 1260, 1549.0]
[901, 405900, 405901.0]
[903, 8296, 8345.0]
[903, 45296, 45305.0]
[903, 407704, 407705.0]
[904, 12753, 12785.0]
[904, 204303, 204305.0]
[905, 16368, 16393.0]
[905, 409512, 409513.0]
[907, 411324, 411325.0]
[908, 51525, 51533.0]
[908, 206115, 206117.0]
[909, 5060, 5141.0]
[909, 413140, 413141.0]
[911, 414960, 414961.0]
[912, 3185, 3313.0]
[912, 23095, 23113.0]
[912, 207935, 207937.0]
[913, 3384, 3505.0]
[913, 416784, 416785.0]
[915, 1748, 1973.0]
[915, 16732, 16757.0]
[915, 46508, 46517.0]
[915, 418612, 418613.0]
[916, 52437, 52445.0]
[916, 209763, 209765.0]
[917, 8556, 8605.0]
[917, 420444, 420445.0]
[919, 422280, 422281.0]
[920, 8439, 8489.0]
[920, 13209, 13241.0]
[920, 211599, 211601.0]
[921, 47120, 47129.0]
[921, 424120, 424121.0]
[923, 2436, 2605.0]
[923, 425964, 425965.0]
[924, 1643, 1885.0]
[924, 4307, 4405.0]
[924, 5893, 5965.0]
[924, 23707, 23725.0]
[924, 53357, 53365.0]
[924, 213443, 213445.0]
[925, 427812, 427813.0]
[927, 5264, 5345.0]
[927, 429664, 429665.0]
[928, 215295, 215297.0]
[929, 431520, 431521.0]
[931, 1020, 1381.0]
[931, 433380, 433381.0]
[932, 54285, 54293.0]
[932, 217155, 217157.0]
[933, 48356, 48365.0]
[933, 435244, 435245.0]
[935, 1368, 1657.0]
[935, 3552, 3673.0]
[935, 17472, 17497.0]
[935, 437112, 437113.0]
[936, 1127, 1465.0]
[936, 2623, 2785.0]
[936, 13673, 13705.0]
[936, 219023, 219025.0]
[937, 438984, 438985.0]
[939, 48980, 48989.0]
[939, 440860, 440861.0]
[940, 2109, 2309.0]
[940, 8811, 8861.0]
[940, 55221, 55229.0]
[940, 220899, 220901.0]
[941, 442740, 442741.0]
[943, 444624, 444625.0]
[944, 3417, 3545.0]
[944, 222783, 222785.0]
[945, 9088, 9137.0]
[945, 17848, 17873.0]
[945, 446512, 446513.0]
[947, 448404, 448405.0]
[948, 6205, 6277.0]
[948, 24955, 24973.0]
[948, 56165, 56173.0]
[948, 224675, 224677.0]
[949, 2580, 2749.0]
[949, 450300, 450301.0]
[951, 50240, 50249.0]
[951, 452200, 452201.0]
[952, 4575, 4673.0]
[952, 14145, 14177.0]
[952, 226575, 226577.0]
[953, 454104, 454105.0]
[955, 18228, 18253.0]
[955, 456012, 456013.0]
[956, 57117, 57125.0]
[956, 228483, 228485.0]
[957, 3724, 3845.0]
[957, 50876, 50885.0]
[957, 457924, 457925.0]
[959, 9360, 9409.0]
[959, 459840, 459841.0]
[960, 9191, 9241.0]
[960, 25591, 25609.0]
[960, 230399, 230401.0]
[961, 461760, 461761.0]
[963, 5684, 5765.0]
[963, 463684, 463685.0]
[964, 58077, 58085.0]
[964, 232323, 232325.0]
[965, 18612, 18637.0]
[965, 465612, 465613.0]
[967, 467544, 467545.0]
[968, 14625, 14657.0]
[968, 234255, 234257.0]
[969, 1120, 1481.0]
[969, 1480, 1769.0]
[969, 52160, 52169.0]
[969, 469480, 469481.0]
[971, 471420, 471421.0]
[972, 59045, 59053.0]
[972, 236195, 236197.0]
[973, 9636, 9685.0]
[973, 473364, 473365.0]
[975, 2728, 2897.0]
[975, 52808, 52817.0]
[975, 475312, 475313.0]
[976, 3657, 3785.0]
[976, 238143, 238145.0]
[977, 477264, 477265.0]
[979, 3900, 4021.0]
[979, 479220, 479221.0]
[980, 2301, 2501.0]
[980, 9579, 9629.0]
[980, 60021, 60029.0]
[980, 240099, 240101.0]
[981, 5900, 5981.0]
[981, 481180, 481181.0]
[983, 483144, 483145.0]
[984, 1537, 1825.0]
[984, 15113, 15145.0]
[984, 26887, 26905.0]
[984, 242063, 242065.0]
[985, 19392, 19417.0]
[985, 485112, 485113.0]
[987, 9916, 9965.0]
[987, 54116, 54125.0]
[987, 487084, 487085.0]
[988, 1275, 1613.0]
[988, 61005, 61013.0]
[988, 244035, 244037.0]
[989, 489060, 489061.0]
[991, 491040, 491041.0]
[992, 246015, 246017.0]
[993, 54776, 54785.0]
[993, 493024, 493025.0]
[995, 19788, 19813.0]
[995, 495012, 495013.0]
[996, 6853, 6925.0]
[996, 27547, 27565.0]
[996, 61997, 62005.0]
[996, 248003, 248005.0]
[997, 497004, 497005.0]
[999, 499000, 499001.0]
